GEMI|GEMI|Gemini Space Station, Inc.|269|4.49|-3.9|-13.0|-4.1|5.6|0.2|-82.5|-10.7|-1.1|-23.1|2.6|-9.7|-22.3|43|54|-27.67|0.18|22|-4|10.4|-83.0|33|11|1.09|1.17|m\RCEEFB96?612243312001151|-80.7|||||2025-09
CRCL|CRCL|Circle Internet Group|337|80.84|-3.9|-1.6|-15.9|28.3|-14.4|-46.3|-7.6|-2.0|-6.1|5.2|0.9|-4.1|44|45|-16.83|-21.11|16|-1|6.6|-49.3|62|01|0.97|1.30|m`M8DDC;04P_GQMVPB574:FGH@|-39.2|||||2025-06
COIN|COIN|Coinbase Global, Inc.|501|178.45|-3.9|-4.3|-0.3|12.6|1.9|-53.9|-4.4|2.6|-3.3|2.9|-3.9|-5.7|46|52|-11.17|-2.64|23|4|6.0|-55.6|28|11|1.01|1.10|m]VGOIJD65?>6?;<96054197=8|-50.0|127.4|-28.1|31.5|-6.4|2021-04
INTC|INTC|Intel Corporation|501|113.12|0.6|-5.9|8.3|0.5|91.9|202.2|-0.2|10.6|37.4|4.3|10.0|24.2|53|62|-8.53|9.31|23|6|5.4|-20.5|244|11|1.04|1.16|2320424<9677:DV[\fmXLWOVf^|211.0|212.6|110.2|46.2|16.0|2016-10
INDO|INDO|Indonesia Energy Corporation Limited|501|2.77|0.0|3.7|-9.5|0.4|-13.7|-8.9|-3.0|-4.1|-17.4|-1.4|0.0|-13.8|45|35|-2.96|-15.13|17|6|3.4|-67.4|14|10|0.87|0.96|=;54<:?SOjmYE@B>;0699:8@97|-5.5|-18.5|-36.2|-6.6|-8.6|2019-12
PLTR|PLTR|Palantir Technologies Inc.|501|194.12|1.1|3.8|14.0|50.4|37.9|5.8|5.9|11.7|27.5|7.5|0.5|14.1|66|60|0.59|1.27|30|16|2.8|-6.5|82|10|0.66|1.52|fb^OclbVB>LOIGF>S>0=5[`Wlm|10.6|1068.7|726.0|126.9|52.5|2020-09
HOOD|HOOD|Robinhood Markets, Inc.|501|109.51|-2.2|-2.7|-6.7|-4.9|52.5|-27.4|-4.8|2.9|16.2|2.5|-0.9|12.9|46|49|-13.06|-7.61|16|3|5.1|-28.7|72|11|1.03|0.84|m`ZK^VWK95940@36@EGR?CMPVN|-21.2|1002.8|162.1|122.6|21.3|2021-07
TSLA|TSLA|Tesla, Inc.|501|377.81|-0.8|6.5|2.6|-7.1|10.1|-13.9|2.9|7.4|-3.5|0.8|-1.9|-10.2|58|46|2.04|-5.52|18|7|2.9|-24.3|27|11|0.97|1.33|^baPdm]\TVTKEROYWVYP0:@FKK|-8.6|45.0|44.3|13.2|7.6|2016-10
LMT|LMT|Lockheed Martin Corporation|501|499.22|-2.1|-2.0|-6.9|-3.7|-20.6|-2.9|-4.2|-9.5|-11.4|-1.0|1.1|-2.1|30|32|-1.61|-2.19|41|-21|2.0|-27.9|14|00|1.04|0.84|@:5506DV[mjeaXABBF@BQ\PFD=|-1.2|24.6|41.1|7.6|7.1|2016-10
MSTR|MSTR|Strategy Inc|501|153.37|-6.8|0.2|12.3|63.4|19.5|-53.6|1.4|20.3|12.8|10.8|-1.8|-6.2|55|59|-7.06|-1.50|38|10|6.4|-53.4|87|11|0.96|1.30|mdWHHDCD;;>=9EHH@<03229;DA|-49.7|350.3|116.4|65.1|16.7|2016-10
AMD|AMD|Advanced Micro Devices, Inc.|501|645.86|-0.5|5.6|27.7|18.1|178.6|174.2|9.9|23.6|69.4|4.5|10.9|37.1|71|66|4.49|10.03|28|21|3.7|-1.9|243|11|0.99|1.54|5551322701012;FOZ`d]OWVZkm|200.5|502.3|514.8|81.9|43.8|2016-10
TSM|TSM|Taiwan Semiconductor Manufacturing|501|472.2|-2.1|3.5|7.6|8.1|29.1|55.1|5.4|9.9|21.0|2.6|4.2|10.2|64|64|6.44|5.04|22|16|2.1|-3.1|77|11|0.96|1.68|744053???IGCCLUW`bm[N^[^ek|68.2|428.8|329.1|74.2|33.8|2016-10
MU|MU|Micron Technology, Inc.|501|1088.0|4.1|2.1|8.8|9.7|167.5|453.6|5.4|12.5|56.8|3.6|13.0|39.3|60|60|-0.56|4.94|13|-6|4.0|-13.3|506|11|0.86|1.29|013135:<<>=@;AFReim]S^_bhi|499.1|1455.2|1451.6|149.6|73.0|2016-10
SNPS|SNPS|Synopsys, Inc.|501|502.67|-0.5|15.6|28.2|13.4|22.6|2.7|18.2|21.2|12.8|3.5|-0.4|-6.9|75|62|22.12|8.91|26|28|4.0|-6.8|39|10|1.20|1.29|^R95VUhmCLLF9O_eaQNE0@?:Ee|14.5|6.2|72.3|2.0|11.5|2016-10
NVDA|NVDA|NVIDIA Corporation|501|237.47|-0.7|4.0|5.2|17.1|30.4|25.6|5.3|7.7|17.7|2.4|2.3|9.4|64|58|5.35|2.11|19|16|2.2|-2.4|45|11|0.90|1.36|B8=687=90=943JGa`UIU?`R[am|29.7|418.9|1040.0|73.1|62.7|2016-10
SNDK|SNDK|Sandisk Corporation|414|1692.42|1.9|-2.7|-2.6|-8.9|116.7|1183.3|-0.7|8.2|44.9|3.8|14.6|34.0|51|55|-8.53|-0.41|14|0|5.6|-28.1|1357|11|0.71|1.11|0122336;=><B@GNT^hmZISW\^\|1347.6|||||2025-02
WDC|WDC|Western Digital Corporation|501|405.42|-1.4|-10.8|-15.1|-29.9|19.7|234.6|-8.1|-12.2|0.4|-2.9|7.4|14.4|39|49|-7.48|8.19|14|-15|6.9|-49.3|260|00|1.09|0.88|015267;>AC@GDMTYamk]WVXWVQ|251.3|1056.0|847.8|126.1|56.8|2016-10
AVGO|AVGO|Broadcom Inc.|501|376.51|0.2|7.2|2.2|-6.1|7.4|9.0|6.0|1.0|2.3|-1.4|-0.5|1.2|59|44|9.86|2.76|19|6|2.8|-23.9|30|00|1.03|1.01|??C@Q=>80::53X]_mRLSI[CEAK|16.0|345.4|663.9|64.5|50.2|2016-10
STX|STX|Seagate Technology Holdings plc|501|807.57|0.2|-12.4|-10.7|-9.3|62.7|260.0|-6.7|-5.7|22.6|1.4|9.9|30.0|42|59|-11.47|11.63|13|-12|7.1|-29.5|286|00|1.03|1.32|00414689?>;@@IW\fmi^Zb`ad]|276.7|1122.7|910.3|130.4|58.8|2016-10
RTX|RTX|RTX Corporation|501|180.26|-1.7|-2.9|-9.3|-7.7|-11.4|6.9|-5.2|-11.8|-7.5|-1.6|0.9|4.9|19|25|-2.04|-3.01|49|-29|1.8|-20.5|16|00|0.96|0.66|0A=;9DLTS\ZWRR<9<FLRembTKB|14.3|158.4|98.9|37.2|14.7|2016-10
BE|BE|Bloom Energy Corporation|501|291.29|-1.5|5.2|5.1|13.3|98.5|232.6|5.6|20.0|38.3|6.7|9.2|15.3|58|55|0.96|0.50|20|12|6.9|-17.1|285|11|1.05|1.02|04>2915BADEG>Rjeeem[FZUacj|235.3|2517.2|1421.1|196.9|72.4|2018-07
SMCI|SMCI|Super Micro Computer, Inc.|501|44.94|3.4|9.4|11.6|59.1|92.3|-23.4|10.1|20.2|39.5|8.8|2.5|16.1|65|57|3.69|0.04|29|18|4.7|-23.5|131|11|0.84|2.06|m[N?D>=@B@@=097>Z=;64IIIPV|-15.0|55.1|1118.5|15.8|64.9|2016-10
RKT|RKT|Rocket Companies, Inc.|501|11.44|-1.3|-0.6|-17.2|-21.4|-24.7|-29.5|-6.8|-13.7|-26.0|-3.1|-4.1|-14.3|36|34|-2.54|-10.32|21|-15|4.9|-53.0|4|00|1.25|0.56|NVJN_`mme[JDFPD<A?KD>@?;30|-30.2|44.1|-23.7|12.9|-5.3|2020-08
AAPL|AAPL|Apple Inc.|501|336.67|0.9|1.1|6.5|6.5|30.0|30.5|0.7|4.5|16.1|0.2|2.0|11.1|58|54|-2.42|-1.79|16|8|1.9|-2.5|38|11|0.90|0.95|48?=EB:0C9916?FSXQLfmU\ekl|37.3|89.7|135.6|23.8|18.7|2016-10
SBET|SBET|Sharplink, Inc.|501|8.95|-5.8|-3.6|1.5|68.2|39.4|-49.1|-3.3|10.8|21.2|9.2|-1.4|9.4|50|56|-13.44|-5.91|40|9|6.6|-47.9|101|11|1.01|1.57|m\PGNILJ;:@>7@=:750677BBJE|-41.6|-53.1|-98.3|-22.3|-55.9|2016-10
CIFR|CIFR|Cipher Digital Inc.|501|14.56|-6.1|-8.0|-21.3|-37.4|-5.6|-17.3|-12.7|-15.3|-20.5|-5.8|-0.5|-6.2|38|43|-16.27|-2.70|11|-8|7.5|-51.7|24|11|0.98|0.75|HDY8N@FG7>;80NCSdmfQFG?>H8|-14.2|445.3|84.5|76.0|13.0|2020-10
TE|TE|T1 Energy Inc.|501|3.73|-1.8|-3.4|-26.3|-48.6|-10.6|27.3|-7.8|-16.8|-42.2|-7.7|-1.2|-30.5|41|41|2.70|-6.94|23|-17|6.6|-70.1|48|00|0.72|1.02|9880IMWXXLPX<BCGmafO8A>?98|2.5|-18.6|-61.1|-6.6|-17.2|2020-01
IREN|IREN|IREN Limited|501|38.69|-6.3|-5.4|-17.6|-7.3|5.1|-35.6|-10.5|-7.1|-15.2|1.9|-0.0|-8.7|40|44|-17.20|-13.63|12|-7|6.2|-49.7|34|11|0.85|1.00|h[mGIAKWIGBD9NJVjcK?0GAGK?|-35.3|1018.2||123.6||2021-11
KTOS|KTOS|Kratos Defense & Security Solutions|501|41.94|-4.0|-1.8|-13.0|-14.1|-43.7|-60.3|-7.8|-17.5|-38.8|-1.7|-4.0|-25.8|33|29|-2.40|-6.53|26|-16|5.0|-68.7|2|00|1.12|1.04|\UHDKJWmVaRWDG@8A<662A9440|-55.7|177.2|88.7|40.5|13.5|2016-10
NOW|NOW|ServiceNow, Inc.|501|137.87|-0.1|2.9|2.7|26.7|41.4|-24.6|1.0|5.1|19.4|5.3|-2.4|13.5|54|50|-3.17|-10.82|18|8|3.8|-28.6|70|01|0.71|1.38|jmc[bXTF=:B>7302L859@EFIMM|-22.4|22.9|11.6|7.1|2.2|2016-10
UMAC|UMAC|Unusual Machines, Inc.|501|21.88|-2.1|-10.6|-15.8|5.5|70.3|39.9|-5.6|-10.6|16.1|3.5|7.9|29.9|44|52|-8.00|6.66|12|-11|7.3|-37.4|202|00|0.71|0.93|F<9086HK>CFOABCHmaZOKh_^_Y|63.6|||||2024-02
DELL|DELL|Dell Technologies Inc.|501|578.96|0.9|7.6|8.4|28.6|212.2|251.9|4.6|16.3|93.1|6.0|16.4|66.1|61|53|-2.28|-8.93|22|13|4.4|-2.8|425|11|1.03|1.62|6551321011468;=A^WZWRa^dgm|284.5|771.8|987.3|105.8|61.2|2016-10
ONDS|ONDS|Ondas Inc.|501|7.19|-3.0|-1.9|-5.6|-6.0|-23.9|-36.1|-2.5|-9.7|-23.8|-0.1|-0.9|-15.6|42|43|2.09|6.15|13|-8|5.4|-52.9|45|00|0.92|0.96|W=08LMhfQ^WYPSVXmPF=<RF?A>|-22.0|1146.1|-27.4|131.8|-6.2|2020-11
SNOW|SNOW|Snowflake Inc.|501|332.85|-0.9|-2.0|-0.8|24.4|121.9|33.0|-0.4|1.6|44.9|4.2|4.5|42.6|51|57|-2.70|-3.09|20|8|3.7|-13.4|181|01|0.81|1.02|SSWQLJNE8<<;3105\PTY]lglmm|37.4|108.1|6.2|27.7|1.2|2020-09
QQQ|QQQ|Invesco QQQ Trust|501|757.73|-0.3|2.4|5.5|4.8|25.0|23.9|3.3|5.0|12.9|1.4|1.8|7.5|68|60|2.99|2.34|16|10|1.2|-0.7|36|10|0.97|1.34|9990>;>;77830GO\hhe_Ka]\gm|28.5|107.8|109.8|27.6|16.0|2016-10
NDX|^NDX|Nasdaq-100|501|31160.1|-0.2|2.5|5.6|4.8|25.1|24.0|3.3|5.1|13.0|1.4|1.8|7.5|68|60|3.02|2.41|16|11|1.2|-0.6|36|10|0.99|1.56|9990>;>;76830GO\ghe_Ka\[gm|28.6|108.1|110.2|27.7|16.0|2016-10
DJI|^DJI|Dow Jones Industrial Average|501|51179.9|-0.7|0.5|-3.0|-2.5|6.8|9.8|-0.9|-2.8|1.7|-0.4|0.8|4.6|41|35|0.15|-1.63|24|-17|0.9|-6.5|14|00|0.98|0.86|5790ABLIMLA26LMMY]be\mk`[Y|12.5|53.2|47.3|15.3|8.1|2016-10
XLE|XLE|Energy Select Sector SPDR ETF|501|63.36|-0.6|3.0|-2.2|15.6|9.1|42.4|0.1|1.5|11.5|1.4|3.3|9.8|53|42|-0.30|-7.35|17|5|1.9|-4.2|50|11|1.17|1.26|0212615>JQU]]P[]WRKU[bfmfh|48.7|47.8|124.0|13.9|17.5|2016-10
RUS2000|^RUT|Russell 2000|501|2793.2|-1.3|-0.1|-5.6|-6.7|6.6|12.4|-1.9|-4.9|0.2|-0.9|1.3|5.4|35|30|0.35|-2.22|37|-21|1.2|-9.0|21|00|1.02|0.85|=?90BBGPJNG@CWZXafkgbmj`\X|16.6|60.0|25.1|17.0|4.6|2016-10
SPX|^GSPC|S&P 500|501|7801.77|-0.2|2.0|1.7|3.4|15.0|15.5|1.5|1.6|7.7|0.7|1.2|6.1|60|48|1.57|-0.23|10|6|0.9|-0.5|24|10|1.04|0.85|9:90@>D@A@>32LQZca^bVjgchm|19.1|81.1|77.7|21.9|12.2|2016-10
VIX|^VIX|CBOE Volatility Index|504|15.08|0.5|-7.7|-4.1|0.3|-21.6|-30.4|-4.7|-3.0|-16.5|-3.3|-0.4|-13.9|47|53|-3.86|3.66|20|8|7.0|-57.3|13|11|||I9BQ?07:PSjmkLAD9<=>@33C85|-30.4|-13.6|-19.7|-4.7|-4.3|2016-10
ES1!|ES=F|E-mini S&P 500 futures|504|7851.5|-0.3|1.8|2.2|3.5|15.1|15.4|1.6|1.9|8.0|0.7|1.3|6.0|61|51|1.55|0.43|11|6|1.0|-0.6|24|10|1.07|0.82|::90?;DA@?=23LQYb__bUieaim|19.0|80.8|79.2|21.8|12.4|2016-10
NQ1!|NQ=F|E-mini Nasdaq-100 futures|504|31389.5|-0.3|2.3|6.3|4.9|25.2|23.9|3.5|5.4|13.3|1.5|1.9|7.5|68|62|3.03|3.18|23|13|1.5|-0.7|37|10|0.96|1.37|:990=8>;76821GO[fff_K`[Zhm|28.7|107.7|112.0|27.6|16.2|2016-10
GOLD|GC=F|Gold futures|504|4138.2|-1.2|-1.2|-6.8|-0.1|-13.4|1.7|-3.5|-5.4|-9.1|0.7|0.1|-3.9|34|35|-4.08|-7.01|21|-11|2.0|-25.9|6|00|0.97|1.20|0:15?GM`fimSWbUPME444KVHB9|3.4|124.3|135.5|30.9|18.7|2016-10
DXY|DX-Y.NYB|US Dollar Index|504|102.282|0.4|0.8|3.5|1.3|3.2|3.5|1.4|2.2|3.0|0.1|0.2|0.7|71|70|1.37|1.78|40|25|0.5|-0.3|7|11|||IALQB==?04FEP68FEJ_VZODC`m|3.3|-3.5|8.7|-1.2|1.7|2016-10
NATGAS|NG=F|Natural gas futures|504|3.211|3.1|6.1|10.1|6.6|17.9|-3.7|7.2|11.6|2.3|1.7|-4.7|-8.3|63|54|3.68|3.16|24|17|4.5|-59.0|29|11|1.05|1.62|>@WZmO@cB88;3027<;>61344?=|3.4|-3.8|-42.3|-1.3|-10.4|2016-10
WTI|CL=F|WTI crude oil futures|504|89.26|-0.2|-1.3|-4.1|23.8|-5.5|42.7|-6.5|0.4|7.7|1.6|4.7|7.3|44|46|-13.14|-17.17|19|2|5.2|-25.3|62|11|1.14|1.32|563340149;K\mNbfWK>IONLcZT|51.5|7.8|12.5|2.5|2.4|2016-10
BTC1!|BTC=F|CME Bitcoin futures|504|83710.0|-2.5|-0.3|6.5|32.1|17.1|-32.5|1.7|10.9|13.0|5.5|-0.9|1.9|58|64|-3.33|-1.01|47|13|3.6|-32.7|45|11|1.00|1.22|mbYKNLQN>8<;8BCD<70654CBIH|-28.4|197.4|51.7|43.8|8.7|2017-12
COPPER|HG=F|Copper futures|504|6.6365|0.6|1.2|-1.5|6.8|15.2|31.5|1.1|1.0|8.2|0.8|2.2|7.1|54|49|-0.52|-0.88|10|2|1.2|-2.8|37|10|1.21|1.23|4500?AUKNKLAEXR]fe[^^iidmj|36.9|83.1|54.9|22.3|9.2|2016-10
SILVER|SI=F|Silver futures|504|60.085|-1.8|-0.0|-9.4|-0.5|-20.1|23.5|-4.7|-6.2|-17.2|1.1|0.7|-11.7|39|36|-6.40|-10.92|20|-23|2.2|-50.5|31|00|1.50|0.52|0215@K]mbY_PS_WYVOA>?ILGFB|28.0|178.9|164.9|40.8|21.5|2016-10
USDINR|INR=X|USD/INR|519|96.76|0.4|0.9|2.0|1.5|3.9|10.1|0.8|1.3|2.9|-0.0|0.6|1.6|64|54|0.74|0.42|25|2|0.5|-0.3|13|11|||054=E>@JBEO\O[\if\dlfddfim|9.0|16.4|28.5|5.2|5.1|2016-10
USDEUR|EUR=X|USD/EUR|519|0.8929|0.5|1.1|3.8|1.8|5.4|4.0|1.8|2.8|3.6|0.2|0.3|0.7|79|79|1.73|1.78|48|25|0.6|-0.3|7|11|||LUNJ@@K07<RQEFBJKWZYRQHK^m|3.8|-5.3|3.4|-1.8|0.7|2016-10
EURINR|EURINR=X|EUR/INR|519|108.357|-0.0|-0.3|-1.6|-0.4|-1.4|6.0|-0.6|-1.2|-0.4|-0.3|0.3|0.8|46|47|-0.44|-1.25|75|-39|1.3|-3.8|7|00|||104@OFBaSRL[VbfmjV\ddcjg]X|5.6|24.8|24.8|7.7|4.5|2016-10
ETH1!|ETH=F|CME Ether futures|504|2580.5|-4.4|-3.6|3.8|47.4|16.4|-43.2|-1.7|9.8|14.6|7.1|-1.7|4.4|52|64|-8.79|-2.83|41|6|4.2|-43.4|71|11|1.12|1.12|mbVLPOUP=8;<;C@>950877DDHF|-35.6|56.3|-29.5|16.1|-6.7|2021-02
EURUSD|EURUSD=X|EUR/USD|519|1.11995|-0.5|-1.1|-3.7|-1.8|-5.1|-3.8|-1.7|-2.8|-3.5|-0.2|-0.3|-0.7|21|21|-1.76|-1.86|48|-24|0.6|-6.9|0|00|||PGNR\\Qme`JKWWZRQEBDJKTQ>0|-3.6|5.6|-3.3|1.8|-0.7|2016-10
US2Y|2YY=F|US 2-year yield (futures)|501|4.647|0.2|3.3|10.6|18.8|22.1|29.4|4.1|8.4|21.3|2.7|2.7|11.9|65|80|3.04|2.06|42|28|1.2|-4.9|38|11|2.50|0.00|:36922053311DEEEEFGLQVVWbm|29.4|-7.2||-2.5||2021-08
US13W|^IRX|US 3-month T-bill yield|502|4.037|-0.0|0.2|6.9|9.6|12.1|5.0|1.0|5.4|10.1|1.6|1.0|4.5|68|72|-1.95|1.42|31|14|0.8|-1.4|15|11|||UNKL9008888::968;;HC?ECTmj|4.8|-24.5||-8.9||2016-10
USDJPY|JPY=X|USD/JPY|519|158.085|-0.1|0.3|3.0|-2.3|-0.4|4.8|0.7|0.2|-0.3|-0.7|0.1|-0.5|54|52|1.44|2.07|18|2|0.7|-3.6|4|01|||0:EGALW75G[]Z^MY_ghm`\[?XT|4.6|5.9|40.9|1.9|7.1|2016-10
US10Y|^TNX|US 10-year Treasury yield|502|5.277|0.2|-0.3|9.8|16.3|23.0|27.8|3.1|8.3|18.1|2.7|2.3|9.0|71|81|1.13|5.00|44|27|1.7|-1.6|34|11|||7055789<=47>?<BMGGDJNQP]hm|30.3|10.3|228.8|3.3|26.9|2016-10
US5Y|^FVX|US 5-year Treasury yield|502|5.021|-0.1|-1.3|9.8|17.6|28.1|35.0|1.7|8.5|21.4|3.1|3.1|11.9|66|80|-1.85|3.67|40|14|1.8|-1.9|43|11|||6043545::26>?:BLIIILPQQamm|37.7|5.7|379.1|1.9|36.8|2016-10
US30Y|^TYX|US 30-year Treasury yield|502|5.661|0.4|0.4|7.5|12.0|15.8|19.8|3.5|6.3|12.9|1.8|1.4|6.2|73|78|3.16|5.10|38|31|1.4|-1.2|25|11|||9069<>@AC7:@BAFOGFBMPVR\bm|22.2|14.6|161.8|4.6|21.2|2016-10
YM1!|YM=F|Mini Dow Jones Indus.-$5 Dec 26|504|51435.0|-0.7|0.3|-2.6|-2.5|6.8|9.7|-0.8|-2.6|1.9|-0.3|0.8|4.6|41|38|0.05|-1.09|24|-12|1.1|-6.3|14|00|1.03|0.73|6890@ANJML@27MMMX]df]mj`][|12.5|53.1|48.5|15.2|8.2|2016-10
NIKKEI|^N225|Nikkei 225|486|70684.0|1.1|7.9|9.9|2.8|38.4|54.9|7.2|7.5|16.8|0.1|2.7|8.7|69|51|9.44|2.64|19|24|1.7|-2.9|59|10|0.96|1.15|079=7<;?AJOGCIQ[_]idcab__m|47.0|128.1|152.0|31.6|20.3|2016-10
KOSPI|^KS11|KOSPI Composite Index|486|6941.39|-0.9|0.7|5.8|-9.2|37.4|100.1|0.7|3.6|9.5|-0.1|4.8|5.7|52|51|1.08|2.89|8|1|2.2|-26.0|106|01|0.87|1.28|0168588=BDPJHLUehdm^\RZWZZ|92.3|188.2|134.8|42.3|18.6|2016-10
AMZN|AMZN|Amazon.com, Inc.|501|259.92|1.4|4.3|1.1|5.2|17.5|15.4|3.3|0.7|7.5|0.7|1.0|6.7|58|45|4.25|-1.82|10|10|2.0|-9.5|33|00|0.91|0.93|F@U<HFSIK0>45\mifXP`Ele][e|20.1|103.1|58.1|26.6|9.6|2016-10
GOOGL|GOOGL|Alphabet Inc.|501|350.5|0.8|1.9|3.6|-2.3|10.5|43.3|1.7|1.4|3.2|0.2|1.0|1.8|56|50|2.04|0.16|14|9|2.6|-14.2|49|10|1.02|1.13|05ACOJMRTHGJEWimeb^cUXWTX[|48.2|154.8|150.7|36.6|20.2|2016-10
MSFT|MSFT|Microsoft Corporation|501|529.76|0.1|3.3|7.2|37.8|41.5|0.9|4.6|6.8|22.2|5.2|0.6|14.4|68|60|3.14|-0.09|40|22|2.2|-4.3|52|11|0.80|1.81|ji`Y[\YL@:?60C@CR:097^`^am|3.7|61.9|79.7|17.4|12.4|2016-10
META|META|Meta Platforms, Inc.|501|721.31|-2.4|-0.5|17.6|14.2|17.8|0.5|1.3|13.9|14.6|3.5|1.1|0.6|58|61|-4.94|3.95|39|11|4.0|-7.5|39|11|1.12|1.54|`a@7OKL>NGL<3T=>;90R644Gm]|2.3|128.7|118.5|31.7|16.9|2016-10
SPCX|SPCX|Space Exploration Technologies Corp.|81|167.6|-2.5|11.1|9.2|10.1|||9.4|17.8||5.1|||64|55|10.87|-4.00|28|18|3.9|-25.7|60|11|0.97|1.24|VmSQTNKD87600FHJEGJNMMRRNO^[||||||2026-06
DRAM|DRAM|Roundhill Memory ETF|130|60.01|0.8|-0.6|-1.8|-6.8|84.8||0.3|5.4||2.3|||51|53|-2.97|1.59|10|-6|3.5|-26.2|130|11|0.67|1.35|06:<AQOQe[igm]WXGRTTVVYX\][||||||2026-03
SAMSUNG|005930.KS|Samsung Electronics Co., Ltd.|486|268500.0|-1.3|-1.5|7.4|-13.2|41.6|217.0|0.5|4.5|17.6|0.7|7.8|12.5|51|54|1.53|7.06|7|1|3.5|-28.3|226|01|0.74|0.91|0234456<?BNFEKN[a`m[UQVYZY|184.4|306.8|275.5|59.6|30.3|2016-10
SKHYNIX|000660.KS|SK hynix Inc.|486|1723000.0|-2.8|-2.4|8.0|-28.9|92.1|377.3|-4.0|2.6|20.5|-1.6|9.5|17.5|47|50|-3.97|2.03|9|-5|3.9|-42.3|417|11|0.75|1.05|025645599=B=>@ES]Zm\QIORTQ|302.6|1331.1|1733.0|142.8|78.9|2016-10
CBRS|CBRS|Cerebras Systems Inc.|101|175.05|-1.2|-1.5|-12.4|-11.8|||-8.1|-12.5||-0.8|||42|40|-12.68|-3.27|11|-4|7.2|-54.7|9|00|0.99|0.74|mdZMNCL0G6?4=?DLT<87<7A@033||||||2026-05
ASML|ASML|ASML Holding N.V.|501|1804.96|-1.6|-0.4|2.3|0.0|27.0|82.7|4.0|4.2|16.1|0.7|4.5|11.4|56|60|6.91|10.61|18|7|2.6|-9.8|93|00|1.05|1.07|033075@GFMGGDMKPWgmbRb^[]b|92.8|202.2|147.2|44.6|19.8|2016-10
HPE|HPE|Hewlett Packard Enterprise Company|501|72.09|2.3|12.8|28.7|46.8|188.6|176.4|15.2|26.2|91.7|7.2|11.8|51.9|71|62|11.48|3.30|25|21|4.8|-1.6|263|11|1.03|1.79|74404541422258:?PRMPM]YYcm|195.5|328.3|386.1|62.4|37.2|2016-10
MOD|MOD|Modine Manufacturing Company|501|189.44|-0.2|1.2|-1.5|-22.2|-19.3|22.6|1.3|-0.5|-11.7|-4.7|1.7|-11.2|50|48|3.14|3.34|13|-3|5.7|-41.4|70|01|0.93|1.10|7973=205KRMKR\efmleWBKFCJG|30.4|292.1|1523.3|57.7|74.6|2016-10
VRT|VRT|Vertiv Holdings Co|501|246.49|-2.6|2.1|-15.2|-23.9|-12.3|47.3|-0.3|-4.8|-7.4|-3.4|2.9|-2.7|46|43|5.33|1.64|15|-11|3.7|-35.1|67|00|0.94|1.12|377080467HJPM[am_\cZBUNJII|45.8|519.8|998.9|83.7|61.5|2018-07
ETN|ETN|Eaton Corporation plc|501|431.33|-3.1|0.4|2.2|6.3|11.9|14.5|1.2|1.6|10.4|1.6|2.4|8.6|52|54|1.55|4.85|10|1|3.0|-9.8|38|01|0.99|1.30|IGJ49079DJ@BCV^SSV^YCm\Wda|16.9|105.2|180.9|27.1|22.9|2016-10
NOK|NOK|Nokia Oyj|501|10.62|-3.2|4.7|-0.3|-17.7|12.5|105.4|1.5|4.5|5.4|0.9|4.5|0.8|52|47|2.23|-3.02|9|3|4.0|-39.1|108|11|1.10|1.46|05:457779=?ADL]`me]QBLMNMN|99.6|198.3|83.1|44.0|12.9|2016-10
CSCO|CSCO|Cisco Systems, Inc.|501|117.39|-0.5|9.1|7.5|-0.8|40.3|66.9|6.9|4.7|19.4|-0.4|3.4|14.1|66|45|11.07|0.01|26|16|2.2|-10.0|76|00|1.00|0.95|00169:64=:;::BIgjif_`m`ZZf|72.8|119.6|113.1|30.0|16.3|2016-10
ANET|ANET|Arista Networks, Inc.|501|215.83|0.2|6.0|10.7|16.9|48.8|37.2|6.5|10.2|34.7|3.8|5.0|22.2|67|57|4.14|1.01|19|14|2.8|-0.7|88|11|0.81|1.53|HE9067857;=;4LR>POPQHjd\gm|40.1|345.0|828.5|64.5|56.2|2016-10
CRDO|CRDO|Credo Technology Group Holding Ltd|501|220.01|-0.4|12.9|31.2|-17.2|99.6|47.8|16.7|5.3|23.2|-0.8|1.7|17.0|59|51|25.86|22.27|18|15|6.2|-28.7|154|00|1.18|1.15|CCG=LC=?0<642FNJ]im]Ll]FS[|58.5|1175.4||133.6||2022-01
MRVL|MRVL|Marvell Technology, Inc.|501|284.68|-0.8|7.7|26.3|17.0|148.7|207.8|12.0|22.5|67.6|6.6|10.8|36.8|68|62|9.21|7.81|26|22|4.6|-13.7|303|11|0.86|1.53|4251734202149AHKVmjRGU\X`g|232.5|422.1|340.5|73.5|34.5|2016-10
CIEN|CIEN|Ciena Corporation|501|446.45|0.6|26.9|30.8|-3.4|-9.6|179.6|22.7|18.4|13.1|-0.4|4.2|-4.4|70|47|27.03|6.81|14|19|4.7|-30.0|191|01|1.13|1.39|01626:>:>GDU[dhkm]aVIXTJMZ|186.3|897.7|748.8|115.3|53.4|2016-10
APLD|APLD|Applied Digital Corporation|501|23.81|-6.0|-2.3|-15.9|-26.3|-14.3|-14.8|-7.4|-12.1|-25.9|-2.0|-0.4|-15.7|42|42|-4.10|-2.70|13|-7|6.5|-53.1|25|00|1.05|0.96|BLF0G?DOGG?<7GLamjUB4F=:=6|-29.9|360.5||66.4||2022-04
CRWV|CRWV|CoreWeave, Inc.|384|88.45|-3.6|1.5|-11.4|-1.4|-0.5|-36.8|2.4|0.7|-4.5|3.1|1.0|-5.1|51|50|5.56|2.63|12|6|5.1|-42.3|46|00|1.02|1.12|m^R6D@=I@K:?@Z[R_RM<0SDEFD|-36.1|||||2025-03
NBIS|NBIS|Nebius Group N.V.|492|237.15|-5.1|0.5|-2.8|9.7|89.7|94.4|3.1|6.7|39.4|4.2|8.9|30.7|53|55|3.18|5.39|16|9|6.5|-20.9|223|01|0.77|0.96|@7915265084<8HG[ihmUEhY^ca|83.0|||||2024-10
SIVE|SIVE.ST|Sivers Semiconductors AB (publ)|500|34.28|-3.0|8.9|13.4|-27.5|201.5|811.7|7.9|3.7|11.7|-0.2|10.0|7.8|55|49|16.66|14.88|17|11|7.1|-68.8|1103|01|0.76|1.27|1000001000044APOgmLDAGD@BC|693.9|458.3|35.3|77.4|6.2|2016-10
AXTI|AXTI|AXT, Inc.|501|79.79|-5.1|3.1|14.7|27.6|50.0|1402.6|7.9|13.2|30.0|9.6|11.2|14.8|55|57|11.25|14.96|20|7|8.3|-44.3|1895|01|0.79|1.40|002235887:AKIX_mffRI@VOOTV|1879.9|3104.4|890.0|217.6|58.2|2016-10
GLW|GLW|Corning Incorporated|501|163.25|-3.4|6.2|-1.6|-15.1|-1.1|87.5|4.5|5.7|7.6|0.8|4.9|1.8|54|49|8.40|3.08|7|5|4.5|-39.9|111|01|0.83|1.37|33303345;BDCHNLWRVmQ@OJMJM|96.7|451.9|339.3|76.7|34.4|2016-10
AAOI|AAOI|Applied Optoelectronics, Inc.|501|122.54|-5.9|23.5|9.9|0.3|-7.7|280.3|16.0|8.5|11.2|1.0|7.7|2.4|59|44|28.87|3.33|14|9|6.5|-47.6|562|00|0.81|1.25|543034777:MMNbjmkm^PDZQNMU|351.3|1249.6|1704.7|138.1|78.4|2016-10
LITE|LITE|Lumentum Holdings Inc.|501|1111.07|-2.0|14.4|13.5|41.4|24.0|581.3|15.0|23.0|46.7|6.2|9.4|19.3|67|57|16.40|2.32|21|18|5.4|-2.3|652|11|0.98|1.66|0155;>?=DOOW[_cd`c]VLbbbam|642.6|2595.5|1220.2|199.8|67.5|2016-10
EUV|EUV|Corgi Lithography & Semiconductor Photonics ETF|107|26.49|-2.1|4.8|8.5|-2.6|||7.7|7.8||1.0|||61|57|12.55|10.61|15|9|2.7|-17.2|29|00|0.69|1.37|QSIXUdRabmWTCJ0?PSC@:;>6BHTQ||||||2026-05
EOSE|EOSE|Eos Energy Enterprises, Inc.|501|3.1|-4.9|1.1|-27.9|-32.3|-32.5|-79.1|-12.7|-15.4|-57.2|-3.8|-12.6|-49.4|39|36|-9.91|-29.07|20|-13|7.9|-84.4|5|00|0.97|0.80|a`dYbZ_mWS?:8A>DI><5051410|-77.6|49.8|-71.8|14.4|-22.4|2020-11
FCEL|FCEL|FuelCell Energy, Inc.|501|18.365|-11.1|11.8|3.4|-20.2|186.5|79.5|7.8|-0.4|26.9|-3.3|7.0|27.4|53|46|22.40|7.98|10|10|7.9|-51.5|222|01|0.81|0.74|73304446234112>OOGmMHPJCEI|98.3|-51.0|-90.4|-21.2|-37.4|2016-10
FLNC|FLNC|Fluence Energy, Inc.|501|7.67|-4.5|-0.1|-30.5|-54.2|-41.5|-48.7|-5.0|-27.0|-54.2|-11.1|-6.8|-37.3|36|34|23.86|10.61|32|-11|5.6|-77.1|9|00|1.10|0.57|EHSG_SYemJHHAA=Vh_SF=@:601|-41.4|-63.1||-28.3||2021-10
NEE|NEE|NextEra Energy, Inc.|501|77.06|-1.1|1.7|-8.1|-11.5|-18.2|-8.3|-1.8|-6.4|-11.8|-3.0|-0.5|-5.7|38|24|2.34|-5.19|47|-17|1.8|-22.0|4|00|1.13|0.66|GFBIE;@HY^\`b_mcGNSWUMID04|-7.5|53.4|-3.9|15.3|-0.8|2016-10
AAON|AAON|AAON, Inc.|501|87.13|-1.1|5.3|9.7|-21.0|-0.3|-15.0|7.3|5.6|-11.1|-4.8|-0.4|-15.8|58|51|12.05|17.13|21|9|4.8|-42.1|19|11|0.96|0.91|IIH=<06DCI@56BBjmfbT9:419;|-12.4|52.1|89.4|15.0|13.6|2016-10
VST|VST|Vistra Corp.|501|166.72|3.9|20.5|9.9|5.5|6.9|-19.3|16.3|16.3|7.7|-2.0|-1.7|-7.4|76|43|16.37|-1.28|15|21|3.8|-23.2|26|10|1.21|1.35|m]XNIEKC4MII;F?1>=BC47280H|-15.3|428.6|831.4|74.2|56.3|2016-10
CEG|CEG|Constellation Energy Corporation|501|299.59|-0.3|17.9|0.2|19.5|5.4|-19.2|12.0|9.8|4.5|0.4|-3.1|-4.9|67|39|13.33|-4.68|23|11|4.4|-27.4|31|10|1.22|1.01|me_\b``E1DVO;FK986044>>A6G|-18.7|171.9||39.6||2022-01
GEV|GEV|GE Vernova Inc.|501|997.09|-3.1|4.9|2.7|-7.3|6.5|59.4|4.7|3.2|8.0|-1.0|3.7|4.7|57|50|9.31|5.88|12|12|3.3|-16.6|88|00|1.03|1.37|84018;=;CLJPR\baWZmaR`WTX\|64.9|||||2024-03
FTNT|FTNT|Fortinet, Inc.|501|189.28|-1.0|5.9|20.2|15.6|126.7|118.9|7.9|14.1|57.5|3.0|8.4|38.0|69|62|6.47|3.37|31|21|3.1|-1.6|157|11|0.88|1.26|653162103354436IVXZ`Z^\]gm|127.9|215.8|208.1|46.7|25.2|2016-10
ORCL|ORCL|Oracle Corporation|501|143.56|-0.8|4.6|-11.7|-0.5|-0.1|-50.3|0.1|-1.1|-11.6|2.3|-3.5|-10.6|50|43|1.19|-11.41|11|4|4.0|-55.5|25|00|1.17|1.08|mg[PRIJC:===:DBJ\I:50<;<79|-51.0|30.6|52.1|9.3|8.7|2016-10
ADBE|ADBE|Adobe Inc.|501|232.77|-2.2|-3.0|-9.5|4.5|-2.7|-33.3|-4.4|-9.9|-9.8|0.5|-3.4|0.1|38|42|-1.59|-9.47|21|-13|3.4|-36.0|22|00|1.09|1.11|jla[imeTNFOA?@BAL108HFLB>;|-31.0|-55.8|-59.6|-23.8|-16.6|2016-10
DDOG|DDOG|Datadog, Inc.|501|271.34|-2.5|-0.9|29.1|0.9|132.9|65.3|7.3|10.2|45.2|1.4|5.7|31.7|63|69|9.54|19.67|30|17|4.2|-7.3|177|11|0.71|1.22|B?LA=9830235249Sm\ghh_ZXek|70.9|187.3|93.4|42.2|14.1|2019-09
CRWD|CRWD|CrowdStrike Holdings, Inc.|501|265.44|-4.8|0.3|26.4|33.8|148.9|108.2|5.5|17.9|70.3|6.9|8.8|44.5|61|67|2.46|7.76|26|10|4.1|-7.5|210|11|1.07|1.29|:;<9:8541223025BSKRWM]QXkm|115.1|500.9|333.4|81.8|34.1|2019-06
USAS|USAS|Americas Gold and Silver Corporation|501|4.17|-6.7|-4.4|-19.8|-6.5|-25.7|-3.5|-11.6|-15.1|-29.0|2.1|-0.1|-16.3|36|39|-13.76|-19.76|17|-11|6.2|-60.3|18|00|0.82|1.06|7710<HE\_cmLHTLQQK>50CHB=7|1.0|390.6|119.5|69.9|17.0|2016-10
USAR|USAR|USA Rare Earth, Inc.|501|13.23|-3.7|-6.0|-25.1|-29.9|-21.2|-51.0|-11.7|-20.6|-31.4|-1.5|0.1|-13.6|31|35|-10.34|-13.33|20|-18|5.9|-69.9|16|00|1.01|0.69|mV<0@5AGUDFB<I^WhSNA3DF<:3|-59.4|29.5||9.0||2023-07
MP|MP|MP Materials Corp.|501|46.31|-4.6|-2.1|-16.4|-10.4|-14.9|-34.4|-4.4|-9.8|-18.2|0.9|-1.6|-9.4|41|41|-0.95|-9.39|20|-10|5.1|-53.8|22|00|0.87|0.98|mfIQ[LW_XUTKEYcYhTPD0MVHD?|-40.9|176.0|53.3|40.3|8.9|2020-06
RKLB|RKLB|Rocket Lab Corporation|501|71.92|-4.2|3.2|9.2|-12.9|4.1|10.1|4.0|2.4|-11.9|1.2|2.5|-14.0|53|51|9.14|12.77|17|8|5.8|-52.4|91|00|1.10|1.11|CA707FQSHKFGDPLmkb\J>NC@HG|11.9|1498.2|388.9|151.9|37.4|2020-11
EWY|EWY|iShares MSCI South Korea ETF|501|183.69|-1.5|0.5|-3.3|-0.6|31.1|118.2|-0.5|3.0|16.5|2.4|6.3|13.1|50|50|-1.36|-1.66|8|-8|2.9|-16.8|128|01|0.80|1.21|035254;?AHCHBPT\mkfXLZ\]]^|127.6|213.4|135.7|46.3|18.7|2016-10
HON|HON|Honeywell International Inc.|501|208.11|-2.2|-1.3|-0.1|-6.9|-14.6|0.3|-0.4|-5.2|-9.7|-2.0|0.3|-4.8|41|47|4.30|7.11|18|-4|1.9|-20.0|6|00|1.00|0.73|5G904=CTgmj_`eLMh^ML`ZJ5@<|4.8|14.0|-3.3|4.5|-0.7|2016-10
TSEM|TSEM|Tower Semiconductor Ltd.|501|248.25|-3.9|9.2|12.9|9.6|21.9|234.7|9.7|9.7|24.9|0.0|6.1|13.8|58|52|14.67|9.92|18|12|5.4|-22.4|250|00|1.09|1.55|0035;=>A>?=JS\YicmecQeZVYb|249.1|912.9|749.9|116.4|53.4|2016-10
GE|GE|GE Aerospace|501|303.62|-1.9|-2.8|-9.3|-15.4|-1.4|0.4|-3.7|-10.3|-6.3|-2.1|0.7|4.5|33|37|-0.34|3.12|24|-11|2.5|-21.9|13|00|1.16|0.86|<A@62AOIBSN70?40MXmd^g`LI?|4.2|241.3|365.4|50.6|36.0|2016-10
GOOG|GOOG|Alphabet Inc.|501|347.37|0.8|1.9|3.6|-2.5|10.4|41.5|1.8|1.3|2.8|0.0|0.8|1.5|56|50|2.36|0.38|15|9|2.5|-14.1|47|11|1.01|1.15|05ACPKMSUIHJEWimeb]dVXWTWZ|46.3|150.4|148.0|35.8|19.9|2016-10
CAT|CAT|Caterpillar Inc.|501|813.83|-5.7|0.4|-1.1|-13.3|5.5|62.1|-0.1|-1.0|1.8|-1.3|3.0|2.8|47|48|5.49|5.02|11|-4|3.0|-24.2|66|01|0.91|1.05|0285;8=@ELFDGPZZW_m]OVSQQR|65.6|205.9|317.0|45.2|33.1|2016-10
LDI|LDI|loanDepot, Inc.|501|0.6178|-0.0|4.5|-25.2|-45.8|-55.9|-80.5|-9.8|-25.4|-57.2|-9.3|-12.0|-42.5|35|28|3.85|-17.56|29|-15|7.0|-83.7|9|00|1.37|0.56|cm\V]ST\QOIDBID>>=>;866510|-79.9|-59.6|-89.8|-26.1|-36.7|2021-02
AMC|AMC|AMC Entertainment Holdings, Inc.|501|2.88|-2.4|-4.0|12.5|51.6|114.9|1.4|2.8|7.6|54.9|5.2|3.5|44.0|54|59|-4.68|13.27|26|9|7.6|-15.3|210|11|1.12|1.41|mgbQXG@C>6603K=8SXLQg`c[lk|-2.4|-68.9|-99.2|-32.2|-62.2|2016-10
ARBK|ARBK|Argo Blockchain plc|501|2.22|2.3|-2.2|-25.8|-32.7|-21.6|-98.5|-11.5|-19.3|-32.3|-5.6|-49.2|-16.1|28|24|-8.47|-24.13|30|-9|8.8|-98.6|3|00|1.24|0.45|m_OFA111100000011110000000|-98.1|-99.0|-99.9|-78.4|-76.9|2021-09
SNAP|SNAP|Snap Inc.|501|5.81|0.5|7.6|7.0|23.6|22.8|-31.1|4.1|7.1|3.7|3.7|-3.6|-3.2|59|49|3.57|-8.66|22|12|4.4|-36.4|52|11|0.89|1.17|g`b_a\mYE8=23FJ?DB044;>?>C|-25.3|-32.7|-92.3|-12.4|-40.0|2017-02
WEN|WEN|The Wendy's Company|501|6.11|-0.8|-4.2|-19.7|-19.5|-13.5|-32.0|-9.0|-19.3|-18.7|-3.1|-2.1|0.7|30|32|-4.58|-11.01|37|-19|3.9|-39.6|3|00|0.76|0.62|imiUa_a_Y^HD@A<XTA]LPemL80|-29.9|-67.9|-72.4|-31.5|-22.7|2016-10
RUM|RUM|RUM Group Inc.|501|7.52|-1.7|-0.5|-10.4|17.9|46.6|-8.1|-6.8|-4.9|11.0|4.9|1.9|16.6|43|42|-16.81|-19.83|18|-5|6.8|-29.0|63|01|1.27|1.43|WL<5LJG@:;840BONmUB?9RjP`R|0.8|48.9|-23.0|14.2|-5.1|2021-04
DJT|DJT|Trump Media & Technology Group Corp.|501|8.22|-5.0|-9.3|-10.9|-3.9|-14.1|-52.4|-7.2|-9.7|-17.1|-1.3|-2.3|-8.2|36|50|-8.10|3.21|12|-12|4.4|-52.9|18|01|0.81|1.04|meUAHg[ZOCD69@;6;50<>3<793|-48.5|-48.1|-17.4|-19.6|-3.7|2021-09
OWL|OWL|Blue Owl Capital Inc.|501|9.11|0.4|0.2|-18.8|-2.0|9.5|-44.8|-5.3|-15.6|-15.9|-0.7|-5.0|-0.4|33|29|-2.04|-13.30|37|-19|3.7|-47.4|15|00|0.91|0.91|mmbYlfkiLH?40:;7?8198MI?54|-41.0|-33.3|-40.7|-12.6|-9.9|2020-12
LAR|LAR|Lithium Argentina AG|501|5.37|-3.8|-2.4|-19.9|-26.4|-30.2|11.0|-5.7|-13.7|-28.2|-2.1|0.7|-16.8|36|37|0.92|-7.00|25|-15|4.1|-55.4|48|00|0.82|0.79|:30==?NXLNLER^limgYO@LKHB?|20.1|-18.6|-35.2|-6.6|-8.3|2016-10
PURR|PURR|Hyperliquid Strategies Inc.|212|11.73|-6.2|-4.4|-1.7|55.2|118.4||-6.1|12.3|65.0|12.3||46.9|48|53|-21.34|-20.48|32|2|8.4|-20.5|290|11|1.05|1.56|40021<65<?;C@DENMRKIBDG`\ma`||||||2025-12
NU|NU|Nu Holdings Ltd.|501|15.58|-0.5|23.1|1.6|14.0|7.4|0.8|11.7|8.8|6.0|-0.6|-1.8|-2.6|64|35|16.85|-13.89|23|19|4.0|-17.9|39|00|1.15|1.18|RXXRa]mfdgLEERH093=BD?PN?T|4.4|111.1||28.3||2021-12
LYFT|LYFT|Lyft, Inc.|501|15.6|-1.0|3.9|-3.9|-0.9|15.9|-26.3|2.1|-3.9|1.6|0.1|-3.4|5.8|50|41|7.65|-2.21|18|-2|2.7|-38.9|25|00|0.87|0.82|Y^cYmWZRC6132<90<8:D?FK=;@|-19.0|40.7|-71.6|12.0|-22.2|2019-03
F|F|Ford Motor Company|501|12.12|-1.3|0.5|-13.4|-10.9|-0.5|3.2|-5.9|-11.1|-10.1|-2.9|-0.2|1.2|34|29|-3.77|-11.07|36|-23|2.7|-31.8|9|00|1.01|0.63|0:C;BGKKLK:21@5GmWMP]LML=7|6.2|1.0|-19.8|0.3|-4.3|2016-10
RIVN|RIVN|Rivian Automotive, Inc.|501|14.34|-1.2|-4.0|-11.3|-20.9|-5.3|9.2|-5.2|-8.2|-10.9|-2.7|-1.3|-3.0|38|42|-4.33|-2.97|22|-17|4.3|-36.8|16|00|1.10|0.59|00>:PmZF8@>D?K=5IGLOECEC>8|12.0|-24.2||-8.8||2021-11
SOFI|SOFI|SoFi Technologies, Inc.|501|15.66|-0.6|-0.4|-13.0|-15.9|-5.0|-44.1|-5.2|-10.0|-16.7|-1.3|-5.5|-7.4|36|35|-3.99|-9.04|15|-11|3.4|-52.2|5|00|0.93|0.78|mkg]jgf`ICB83C52?9<<0<A972|-40.2|96.0|-3.4|25.1|-0.7|2021-01
GME|GME|GameStop Corp.|501|24.58|-0.7|-0.3|30.1|12.0|7.3|0.7|5.2|18.6|10.2|2.7|0.6|-7.1|64|70|1.36|8.93|52|23|4.0|-8.6|38|11|1.17|1.42|[XH>TPCKbZZUV_mJHKMOL40Ab_|5.5|63.0|-43.1|17.7|-10.7|2016-10
T|T|AT&T Inc.|501|24.47|0.2|0.3|-4.4|16.3|-10.5|-6.8|-2.8|-2.0|-2.7|1.4|0.0|-0.7|42|39|-5.87|-8.81|21|-6|1.8|-16.9|23|10|0.97|1.20|XMNTRIKE`emdh[XILC05HJVTSL|-5.4|69.3|21.0|19.2|3.9|2016-10
DKNG|DKNG|DraftKings Inc.|501|19.15|-3.0|0.8|-19.8|-27.2|-20.0|-43.6|-11.1|-17.7|-24.9|-3.4|-4.5|-8.7|34|27|-9.19|-19.81|18|-12|6.0|-48.2|3|00|1.17|0.91|mkRUhil_O=HF?>?FKUGGEHEA80|-41.4|-35.4|-60.0|-13.6|-16.8|2019-07
HIMS|HIMS|Hims & Hers Health, Inc.|501|29.54|0.2|-0.8|4.9|-16.7|52.3|-49.2|2.5|0.8|7.6|-1.9|-3.0|6.8|52|53|4.96|6.70|14|6|5.6|-54.8|115|00|0.83|1.14|m_UJRLLC<00<5CA=AEKO=DDACD|-45.2|364.5|300.3|66.8|32.0|2019-09
JD|JD|JD.com, Inc.|501|27.03|2.0|1.6|-2.3|-2.6|-7.0|-22.7|0.9|-6.0|-6.3|-2.6|-0.9|-0.4|48|37|3.77|1.30|26|-6|1.9|-22.9|10|00|0.82|0.75|mg_EPHNJ?=0BE\P_JG0K`\H;9;|-15.1|-8.7|-65.6|-3.0|-19.2|2016-10
DB|DB|Deutsche Bank Aktiengesellschaft|501|33.55|-4.5|-6.5|-18.3|-5.2|4.3|-5.0|-9.3|-11.8|-4.8|0.0|0.2|8.0|27|36|-10.28|-12.53|33|-34|2.7|-19.4|19|00|1.13|0.67|QFVGVce__TA02H:8@LHXRclmSG|-2.9|213.6|153.8|46.4|20.5|2016-10
UPST|UPST|Upstart Holdings, Inc.|501|24.02|0.7|4.5|-11.0|-27.7|-12.0|-53.6|-1.6|-11.9|-24.7|-3.7|-6.0|-14.6|42|32|5.69|-6.43|20|-5|4.1|-56.5|6|00|0.98|0.66|mlMIaci_N>:63GC<EBI@6;>210|-50.6|-12.8|-92.3|-4.5|-40.1|2020-12
Z|Z|Zillow Group, Inc.|501|27.28|-1.5|0.6|-15.7|-18.4|-34.2|-61.8|-7.0|-16.2|-35.2|-2.9|-9.3|-22.7|34|31|-1.86|-14.89|21|-13|4.0|-65.6|2|00|1.06|0.69|dmf`hb_]SFGF@HF<;658879510|-60.9|-38.0|-70.0|-14.7|-21.4|2016-10
HAL|HAL|Halliburton Company|501|31.75|-3.0|-0.2|-13.7|-6.9|-16.0|32.7|-4.7|-6.6|-10.6|-0.8|1.7|-4.3|36|33|-2.96|-12.10|28|-11|2.6|-27.2|48|00|0.98|0.75|0==7A>IQTXT]a^mmeaSWJQUZOL|44.5|-17.9|32.6|-6.4|5.8|2016-10
PBF|PBF|PBF Energy Inc.|501|83.68|1.0|8.7|9.0|57.0|94.5|181.0|9.3|14.7|70.4|4.6|10.0|48.6|65|58|9.60|-2.64|18|11|5.5|-2.4|227|11|1.19|1.77|38;98017:8EFD<BA@>DRW_^f`m|202.1|84.2|487.6|22.6|42.5|2016-10
NKE|NKE|NIKE, Inc.|501|34.36|-0.7|-2.9|-9.8|-19.7|-20.3|-50.3|-3.7|-10.7|-28.8|-3.8|-5.7|-20.3|34|35|-0.46|2.58|31|-17|3.4|-51.2|7|00|1.36|0.46|jm`_fZffdfYQADA=DC<??;7430|-47.3|-64.6|-77.5|-29.3|-25.8|2016-10
PYPL|PYPL|PayPal Holdings, Inc.|501|54.95|0.6|4.6|3.3|21.2|19.8|-27.8|2.8|-2.5|9.5|-0.9|-1.5|12.4|53|42|5.78|2.30|19|11|2.7|-30.6|43|00|0.99|0.98|mb\NUQQJ01<68AA6734INPUFDH|-21.3|-4.9|-78.9|-1.7|-26.7|2016-10
MRNA|MRNA|Moderna, Inc.|501|196.48|4.8|2.0|40.0|156.6|277.1|603.7|11.7|48.8|177.3|25.9|26.6|86.4|64|68|-6.88|9.54|62|25|8.1|-7.4|782|11|0.74|1.47|2110245:7:;;9;898:A@;>]Xlm|632.3|89.1|-35.6|23.7|-8.4|2018-12
VZ|VZ|Verizon Communications Inc.|501|45.77|-0.5|-0.2|-9.2|8.4|-4.7|10.8|-3.9|-5.1|-1.6|0.6|1.5|3.7|34|34|-4.60|-9.96|29|-14|1.8|-11.4|19|10|1.06|0.80|<07;@794YameeW^V]YCEZYhg[S|14.9|48.4|-14.0|14.1|-3.0|2016-10
BAC|BAC|Bank of America Corporation|501|53.52|-1.1|-1.7|-14.2|-9.7|3.2|7.4|-5.7|-11.3|-3.2|-2.2|0.6|9.2|24|24|-3.65|-8.21|46|-30|1.8|-18.0|16|00|1.18|0.95|:@F>HLSAMD:08HE9?NRb`mdeOF|10.0|105.3|20.7|27.1|3.8|2016-10
UL|UL|Unilever PLC|501|60.98|0.3|0.4|-4.0|-0.0|4.7|-7.7|-1.1|-3.1|-2.6|-0.3|-0.7|0.5|44|38|-2.23|-2.85|13|-2|1.5|-18.7|11|00|0.79|0.66|Xf`ZZTQSim\F0;@31<AFWGSGID|-10.4|12.3|2.9|3.9|0.6|2016-10
SLB|SLB|SLB N.V.|501|47.96|-4.1|-1.6|-16.0|1.5|-7.6|41.2|-6.8|-9.2|-5.3|0.6|2.8|4.2|33|32|-6.94|-12.37|19|-12|3.2|-20.7|52|00|1.09|0.77|0785>=KW__UVZbmigeRUYbdk_V|51.2|-13.9|51.5|-4.9|8.7|2016-10
BKR|BKR|Baker Hughes Company|501|55.41|-3.0|0.9|-13.3|-3.1|-12.3|15.8|-2.8|-8.4|-6.9|-0.2|1.5|1.6|38|31|0.57|-4.78|18|-9|2.7|-21.3|26|00|1.13|1.18|8:68;0<FT]WXWVma^\KOSa[UOK|23.0|64.3|119.5|18.0|17.0|2016-10
ACM|ACM|AECOM|501|58.28|-3.1|-1.1|-11.8|-14.4|-32.1|-56.1|-4.8|-10.5|-26.5|-3.0|-4.8|-17.9|36|37|-0.22|-5.58|21|-14|3.7|-57.0|3|00|0.78|0.82|lmkWTPRPOOMJFGE;;999=26400|-54.8|-29.0|-8.8|-10.8|-1.8|2016-10
UBER|UBER|Uber Technologies, Inc.|501|68.45|-0.9|-0.1|-6.4|-7.9|-5.4|-31.1|-2.1|-6.3|-8.2|-0.5|-2.1|-2.0|40|37|0.51|-3.80|24|-9|2.1|-31.8|5|00|1.00|0.82|mjdQcHVS<:??8C??<:896?F920|-26.7|49.5|43.3|14.3|7.5|2019-05
IR|IR|Ingersoll Rand Inc.|501|77.24|-2.5|2.8|2.8|0.2|-8.8|-4.6|3.4|-2.0|-5.3|-1.6|-0.6|-3.4|53|47|9.27|8.53|22|7|2.7|-23.5|13|00|1.21|0.76|BGA9EDM\mj]KASA01>JDPPF6:@|1.5|21.8|51.5|6.8|8.7|2017-05
OKLO|OKLO|Oklo Inc.|501|36.82|-4.5|-0.5|-15.0|-25.3|-26.7|-72.7|-2.1|-8.9|-37.4|-2.6|-8.5|-31.3|44|43|2.67|0.67|8|1|5.2|-81.0|7|00|1.05|0.74|meZOYLSPCC?;7BD?B>95053210|-75.0|256.8|276.1|52.8|30.3|2021-07
MDT|MDT|Medtronic plc|501|85.51|-1.8|-0.9|-7.4|3.8|-3.5|-12.6|-4.6|-5.0|-3.4|0.9|-1.3|1.8|36|35|-5.92|-9.23|23|-8|2.4|-19.6|17|00|1.60|0.67|a\ShlfjjmdZLLK=50>9>NUWWPI|-10.4|12.3|-31.7|4.0|-7.4|2016-10
SQ|XYZ|Block, Inc.|501|76.07|-0.6|3.5|-5.0|-1.7|21.1|-6.2|-0.4|-4.2|8.2|-1.2|1.9|12.9|47|38|2.16|-6.09|15|-6|2.7|-12.5|58|00|0.89|0.64|hdTBAISF90M<>UVS_[_jkcme`_|1.9|73.6|-68.1|20.2|-20.4|2016-10
AMBA|AMBA|Ambarella, Inc.|501|65.33|-3.8|-6.0|2.9|-16.6|22.6|-23.2|-3.5|-9.3|-4.0|0.4|-1.3|5.8|42|51|1.14|10.92|10|-5|5.2|-32.4|35|01|0.84|1.05|cbmbTQ^K@H780<P_VNfLLbMJMG|-10.4|22.3|-57.6|7.0|-15.8|2016-10
KO|KO|The Coca-Cola Company|501|85.82|-0.4|-0.3|-2.9|3.9|11.0|29.8|-1.8|-2.5|6.9|0.8|2.1|9.7|40|40|-2.68|-3.29|15|-7|1.4|-7.2|30|00|1.03|0.97|097<994?LPKHKHOUPUVYjdmghb|28.0|61.5|58.6|17.3|9.7|2016-10
WFC|WFC|Wells Fargo & Company|501|80.26|-1.5|0.3|-8.8|-7.7|-5.2|0.7|-4.5|-6.5|-5.1|-1.4|-0.5|1.5|35|32|-3.46|-10.37|26|-20|2.1|-17.9|10|10|1.06|1.01|AMRH\dmRdVG8CED0:JHULYO[GB|3.4|102.2|67.2|26.5|10.8|2016-10
GM|GM|General Motors Company|501|80.99|-1.2|5.2|-5.6|5.7|5.5|43.6|-1.9|-4.8|0.4|-0.2|0.8|5.5|46|35|-1.06|-9.20|26|-10|3.3|-11.8|49|00|1.21|0.79|0DHFU``^g_UQN^TSacWXmhgg]^|46.3|162.1|38.3|37.9|6.7|2016-10
NFLX|NFLX|Netflix, Inc.|501|69.7|1.5|0.2|-9.2|-7.6|-29.9|-42.6|-3.5|-7.6|-16.7|-0.3|-3.3|-9.9|41|36|-3.86|-10.37|28|-16|2.6|-44.2|7|00|1.10|0.69|m`^YSLHB<8RIQPJDB>2545=720|-42.9|82.7|10.2|22.2|2.0|2016-10
ABT|ABT|Abbott Laboratories|501|98.73|0.6|-0.1|-6.4|4.6|-4.7|-26.5|-2.3|-7.3|-4.7|-0.2|-2.3|2.8|38|30|-1.85|-4.01|30|-12|2.2|-26.9|20|00|1.09|1.02|mdcaccf]NSQLG?604586MQUHEB|-25.5|1.9|-16.6|0.6|-3.6|2016-10
SCHW|SCHW|The Charles Schwab Corporation|501|95.58|-1.3|-2.2|-10.6|-6.2|-1.2|1.9|-5.9|-9.7|-2.8|-0.8|0.8|7.7|30|30|-4.94|-9.25|30|-20|2.3|-16.5|14|00|1.08|0.72|@A@5?N\W]?D@?:8607:Z^mmgPD|3.9|85.5|23.6|22.9|4.3|2016-10
SMTOY|SMTOY|Sumitomo Electric Industries, Ltd.|501|7.75|-4.7|6.5|10.2|0.9|-7.3|107.4|10.2|11.1|3.7|0.8|2.6|-6.7|60|59|17.62|10.44|16|13|4.1|-30.4|117|10|0.95|1.34|00;;?<=>GQTUQWV^maaQFPMJLT|114.8|450.6|369.3|76.6|36.2|2016-10
NDAQ|NDAQ|Nasdaq, Inc.|501|91.93|-0.4|-0.1|-3.3|5.0|4.4|2.3|-0.4|-3.0|1.4|0.0|0.2|4.6|45|43|-0.60|-1.07|21|-11|2.3|-9.7|20|00|1.12|0.63|SLEGP^mhK7JEFKSRWR0S__jU\U|3.4|85.3|39.7|22.8|6.9|2016-10
CL|CL|Colgate-Palmolive Company|501|87.21|-0.0|2.2|-1.4|-4.2|1.9|11.8|0.8|-2.4|-1.6|-1.3|0.9|0.8|50|36|2.85|-0.30|17|6|1.6|-12.2|17|00|1.13|0.61|2406340KmlgMLOTWX`ccjfeVMT|11.9|25.6|15.4|7.9|2.9|2016-10
HQY|HQY|HealthEquity, Inc.|501|91.9|0.9|3.9|-1.6|-3.1|12.1|-0.2|-0.1|-6.1|3.7|-1.6|-0.7|10.4|46|33|4.16|-6.19|32|-5|2.6|-14.6|26|00|1.09|1.06|PXPbTVV=6025=@88KCJUjmkTFN|1.5|23.2|42.1|7.2|7.3|2016-10
IBKR|IBKR|Interactive Brokers Group, Inc.|501|87.74|-3.1|2.7|-3.6|-7.9|21.3|21.8|-1.5|-3.0|7.4|-1.0|3.2|10.8|46|38|0.44|-6.02|14|-9|3.1|-11.1|49|00|0.94|0.80|C:>055CHDE;:;RP[^e[mZcl_`]|27.1|291.4|389.8|57.6|37.4|2016-10
CVS|CVS|CVS Health Corporation|501|87.95|1.8|2.6|-8.5|-14.5|11.6|14.3|-1.1|-6.1|0.1|-4.3|1.3|6.6|43|33|2.40|-3.53|36|-7|2.4|-20.5|27|00|1.11|0.47|9@<77:@A6:<03:B[RdimmYXZHM|12.9|25.8|4.2|8.0|0.8|2016-10
COPX|COPX|Global X Copper Miners ETF|501|83.58|-3.1|-1.3|-11.4|10.8|1.9|30.3|-3.0|-4.7|0.5|2.0|2.5|5.5|42|43|-2.90|-6.17|10|-3|2.8|-16.4|47|00|0.85|0.99|:440AEQZ_^XHO`SYddOPNamb^Z|38.2|137.8|136.0|33.5|18.7|2016-10
SBUX|SBUX|Starbucks Corporation|501|93.58|-2.6|-0.4|-8.3|-12.1|-3.7|16.9|-2.2|-8.1|-5.4|-1.9|1.1|2.9|35|31|2.56|-1.19|35|-9|2.1|-15.3|20|00|1.04|0.86|0<56;BESURXRG[giT^`fdmmYMM|19.3|0.8|-15.9|0.3|-3.4|2016-10
DIS|DIS|The Walt Disney Company|501|104.75|0.7|-0.1|-0.3|8.9|5.6|-6.4|-0.1|0.0|1.0|1.5|-0.2|1.0|50|49|-1.55|-1.63|13|1|1.9|-10.5|14|00|0.95|1.21|ah_ENbmhTPE:1QGFFB037G]POL|-4.1|26.3|-40.7|8.1|-9.9|2016-10
DG|DG|Dollar General Corporation|501|122.14|-0.9|2.1|-4.5|5.5|-0.7|24.4|-0.4|-1.7|-3.5|-0.1|0.2|-1.9|49|42|-1.19|-3.88|9|4|2.8|-22.8|28|00|1.01|0.98|3805X]ehjmgNJRD7?FELTJMNMM|23.1|17.8|-41.9|5.6|-10.3|2016-10
UPS|UPS|United Parcel Service, Inc.|501|92.29|-0.9|-1.2|-8.2|-16.7|-8.1|7.0|-4.0|-8.5|-12.0|-4.0|-0.1|-3.8|33|34|-0.38|-4.04|43|-26|2.1|-24.6|13|00|1.05|0.72|03@;CPW]mkTFIY[J^^[fUTWL=>|11.4|-40.2|-49.7|-15.7|-12.8|2016-10
ZM|ZM|Zoom Communications, Inc.|501|94.77|0.6|4.4|-1.7|5.4|13.9|18.7|2.9|-2.8|3.9|0.4|0.7|6.9|53|44|7.69|-2.62|15|3|3.0|-17.4|34|00|0.93|0.98|:;:3CG@8II10:D_YmOALKbNQHP|18.0|44.7|-62.8|13.1|-18.0|2019-04
WMT|WMT|Walmart Inc.|501|108.16|0.9|4.1|2.0|-3.6|-15.0|5.1|0.9|-0.4|-8.5|-1.0|-0.4|-8.1|53|39|0.74|-0.56|11|5|2.0|-20.0|9|01|0.90|0.84|0;0;KJJTf_\XaemmJWHFJM58<=|6.2|107.5|132.3|27.5|18.4|2016-10
BX|BX|Blackstone Inc.|501|111.83|-1.3|-0.2|-16.5|-8.4|-5.0|-31.2|-6.4|-14.8|-12.5|-2.1|-2.3|2.7|29|26|-3.61|-12.28|41|-29|3.1|-32.8|10|00|1.10|0.61|kdVP``meKA421EA76?7BEZV@60|-27.3|6.4|-4.0|2.1|-0.8|2016-10
MRK|MRK|Merck & Co., Inc.|501|142.79|0.6|-1.7|-3.8|14.2|15.9|65.3|-2.1|-0.1|15.6|2.5|3.8|15.7|45|48|-7.62|-4.00|21|-1|2.5|-9.0|74|01|0.97|1.05|2108=>EGMQKJPNHGKJWRX[mehd|66.1|37.5|77.1|11.2|12.1|2016-10
LULU|LULU|lululemon athletica inc.|501|91.88|-1.8|-4.5|-11.0|-21.1|-42.2|-47.4|-6.3|-16.8|-35.8|-3.4|-5.9|-22.9|32|36|-1.77|2.04|31|-20|3.6|-59.3|1|00|1.00|0.51|X[ST`jm`Z]XTOUE=D<;==><250|-45.1|-75.0|-76.9|-37.0|-25.4|2016-10
ROKU|ROKU|Roku, Inc.|501|152.725|0.4|0.3|-1.7|8.9|51.2|52.8|-0.6|-0.7|23.3|1.2|4.5|24.1|47|44|-1.54|-3.73|21|-9|1.2|-4.5|94|00|0.79|0.86|78=19AE=20867HNNS][_agmihh|66.0|112.6|-52.8|28.6|-13.9|2017-09
APO|APO|Apollo Global Management, Inc.|501|115.55|-0.3|-0.4|-12.3|-3.6|7.9|-7.4|-5.2|-9.9|-8.4|-0.6|-1.3|1.6|32|30|-5.47|-9.84|38|-20|3.1|-24.6|16|00|0.95|0.74|FEMJZem[R?660GOVLW?DAZTLB;|-2.3|27.6|76.8|8.5|12.1|2016-10
C|C|Citigroup Inc.|501|127.32|-0.9|-1.7|-6.9|-8.8|3.1|31.7|-3.7|-4.7|1.0|-0.3|2.1|6.0|37|39|-4.13|-4.06|19|-20|2.3|-13.9|36|10|1.09|0.99|0172AJTHMJBCJaZU]mkdZhciaZ|35.5|213.8|76.0|46.4|12.0|2016-10
ABNB|ABNB|Airbnb, Inc.|501|160.63|0.1|-0.0|-8.0|9.4|22.2|33.9|-1.0|-5.8|11.6|1.7|2.8|18.5|44|44|2.34|-7.68|20|-6|3.3|-17.0|45|00|0.94|1.09|7=70:CEB:;C?;HHAEFIMQgm]PW|35.9|27.1|-5.5|8.3|-1.1|2020-12
PG|PG|The Procter & Gamble Company|501|147.82|-0.4|1.7|1.5|0.7|2.0|-1.9|0.9|1.5|0.1|-0.3|0.1|-1.3|54|47|0.51|0.39|9|11|1.6|-11.6|7|10|0.95|1.16|SXDK<?0Dgm^@:GH51SFKD>A:CJ|-1.2|2.6|4.3|0.9|0.8|2016-10
PEP|PEP|PepsiCo, Inc.|501|123.73|-1.6|-2.4|-10.6|-10.2|-20.1|-10.9|-4.9|-9.1|-15.8|-1.5|-1.2|-7.3|22|26|-2.75|-4.39|33|-19|1.9|-27.8|0|00|1.20|0.53|NXJPOSFQmkeZ`a`TJPAALFKC60|-17.6|-22.8|-20.7|-8.3|-4.5|2016-10
ZS|ZS|Zscaler, Inc.|501|213.55|0.6|7.1|31.9|45.2|54.9|-32.0|7.9|16.8|28.6|6.5|-3.0|10.1|64|57|0.94|-0.66|19|11|4.4|-36.6|86|11|1.10|1.59|lmm`TQNIB<:8313:80368?=;KK|-31.1|30.5|-19.9|9.3|-4.3|2018-03
SYNA|SYNA|Synaptics Incorporated|501|119.46|0.1|17.8|26.1|-7.8|57.3|74.9|17.2|17.6|20.1|-1.4|3.0|2.1|69|54|24.95|10.84|27|27|3.6|-19.9|105|10|1.22|1.49|6980><EGFB<:<@Ldima_RVLJM]|92.6|28.1|-32.4|8.6|-7.5|2016-10
XLV|XLV|State Street Health Care Select Sector SPDR ETF|501|168.81|1.0|0.2|1.0|4.1|12.8|16.8|0.3|0.0|7.6|0.9|0.9|7.5|51|48|-1.37|0.03|11|3|1.5|-4.4|20|00|0.96|0.81|044?CFMMIKD55:228BNM^bm]ec|18.8|29.8|33.0|9.1|5.9|2016-10
XOM|XOM|ExxonMobil Holdings Corporation|501|164.05|-0.3|0.8|2.1|19.3|5.0|43.9|0.5|1.8|9.5|1.5|3.2|7.5|55|53|0.27|-2.36|13|7|2.0|-7.0|49|11|0.98|1.15|0425449HX\\ehW^d[QLUcgemil|48.2|53.1|163.8|15.2|21.4|2016-10
LSCC|LSCC|Lattice Semiconductor Corporation|501|130.99|-2.6|4.3|11.5|-6.1|22.9|77.8|8.2|7.8|15.6|-0.1|4.4|7.2|60|58|13.50|14.96|19|9|3.8|-16.6|117|10|1.11|1.32|8501;9??=FCFFUWWgjm_R]VSX^|89.1|65.7|102.2|18.3|15.1|2016-10
NUGT|NUGT|Direxion Daily Gold Miners Index Bull 2X Shares|501|139.5|-6.2|-5.6|-26.0|18.7|-34.7|-15.5|-14.3|-16.6|-24.2|5.0|-0.2|-9.2|37|39|-22.22|-33.36|20|-14|6.9|-56.5|41|00|0.95|1.03|A=8;GS[mdmgDV`HGEA310GXMG=|-7.7|423.6|202.7|73.7|24.8|2016-10
PSX|PSX|Phillips 66|501|271.62|0.7|6.4|4.8|43.1|61.7|106.9|3.7|11.1|45.9|4.7|7.2|31.4|68|54|-0.05|-10.11|26|12|3.3|-2.0|114|11|1.10|1.07|13414035;;@ED<DDFCAMQY`gfm|114.3|148.8|230.7|35.5|27.0|2016-10
AMT|AMT|American Tower Corporation|501|166.18|0.8|1.5|-5.4|0.7|-5.7|-10.5|-2.4|-3.8|-5.9|-0.3|-0.5|-2.3|43|33|-3.98|-7.62|19|-3|2.1|-15.2|4|00|1.09|0.88|bmQSSDLQN`g\G[Y@gc0<T@LE86|-11.0|4.1|-36.6|1.4|-8.7|2016-10
CVX|CVX|Chevron Corporation|501|205.15|-1.2|0.5|-2.2|17.9|6.4|33.4|-1.3|0.8|9.4|1.6|3.2|8.5|48|47|-2.63|-6.28|15|-0|2.0|-5.8|40|11|1.12|1.02|4852208BOSXb`RXYTOAPY^amff|37.8|26.5|89.9|8.1|13.7|2016-10
CRM|CRM|Salesforce, Inc.|501|224.56|-0.2|-2.2|-9.9|38.2|27.3|-6.6|-5.4|0.6|12.3|5.8|-0.4|11.6|44|48|-12.96|-19.20|19|-10|3.5|-16.6|53|01|0.82|1.07|ch_WlkmUI@JFB?@:N506BELb_W|-7.1|8.3|-17.6|2.7|-3.8|2016-10
LOW|LOW|Lowe's Companies, Inc.|501|181.54|-1.2|-1.5|-9.6|-14.8|-25.5|-23.6|-4.2|-10.7|-21.3|-2.3|-2.3|-11.9|32|29|-1.34|-2.40|29|-14|2.3|-38.1|2|00|1.08|0.48|RWONZUYllm^NO\QGAHIBFFB940|-21.8|-9.0|-11.9|-3.1|-2.5|2016-10
MS|MS|Morgan Stanley|501|189.71|-0.7|0.9|-12.3|-14.6|7.8|21.9|-4.4|-8.8|-2.3|-2.3|1.4|7.2|30|25|-2.70|-8.54|39|-26|2.2|-18.3|25|00|1.18|0.61|0362AAKGD?528KMO^d]mXda`RL|24.9|136.2|89.6|33.2|13.7|2016-10
ABBV|ABBV|AbbVie Inc.|501|271.36|1.8|3.7|9.1|8.6|28.2|17.3|3.0|5.0|16.9|0.7|1.6|11.3|66|52|1.11|-0.69|20|16|2.0|-1.3|42|11|0.95|1.22|GE<FCCA9:AH022046>[SeXe^gm|17.7|83.1|144.1|22.3|19.5|2016-10
BA|BA|The Boeing Company|501|188.32|-0.8|1.2|-10.6|-15.6|-13.5|-16.4|-4.4|-10.7|-14.6|-2.0|0.0|-4.4|37|31|-0.00|-7.14|31|-15|3.3|-26.0|7|00|1.29|0.69|PQ?0CN\ma_UCIVYSW[PQN]LF?8|-10.6|0.5|-16.8|0.2|-3.6|2016-10
JNJ|JNJ|Johnson & Johnson|501|258.45|1.4|-2.4|-4.0|-0.3|7.1|36.2|-2.6|-2.6|6.6|0.5|2.5|9.5|41|44|-6.82|-2.40|17|-6|1.9|-8.0|40|00|1.01|0.92|340<;>=GS\VUYRMMKSa\ifmjmd|35.5|63.9|60.6|17.9|9.9|2016-10
QCOM|QCOM|QUALCOMM Incorporated|501|177.12|-2.2|-3.8|1.7|-7.3|38.9|5.6|-4.9|2.8|4.6|1.7|0.8|1.7|46|52|-11.78|-2.88|14|-5|4.8|-31.9|45|11|1.14|1.05|GJLDMMQB=96306N]mhSOAFFNXN|15.3|59.7|40.0|16.9|7.0|2016-10
VLO|VLO|Valero Energy Corporation|501|424.1|1.2|9.4|10.8|50.8|77.0|161.1|6.8|17.1|60.5|5.6|9.3|37.1|72|58|3.03|-7.66|26|14|3.9|-1.1|173|11|1.25|1.63|0332304689?CC>DEEDGNPW[dcm|168.4|235.2|439.6|49.7|40.1|2016-10
CLH|CLH|Clean Harbors, Inc.|501|315.54|-0.8|1.7|-0.5|4.5|4.3|34.0|-0.2|-0.1|8.0|0.6|2.9|8.1|50|42|0.83|-2.86|15|9|1.8|-6.1|57|01|0.91|1.21|>C02@ADLLV[Z^`ebVX_amhgjhh|34.9|94.7|196.2|24.9|24.3|2016-10
MCD|MCD|McDonald's Corporation|501|230.88|-0.7|-0.0|-9.7|-16.5|-24.8|-21.6|-4.4|-10.2|-20.0|-2.6|-2.3|-10.9|25|22|-0.96|-6.32|51|-29|1.9|-32.4|1|00|1.21|0.55|X`[^cf]_kmmb`cSMMSIFJLG>40|-22.3|-7.0|-6.8|-2.4|-1.4|2016-10
JPM|JPM|JPMorgan Chase & Co.|501|329.58|-0.5|-0.4|-6.8|-1.8|7.0|8.4|-3.5|-6.0|2.3|-0.8|1.0|8.9|32|32|-3.31|-6.05|28|-22|1.7|-10.1|18|00|1.23|1.02|>5D8EGU;G@405BC87IO_]mfdXQ|9.5|127.1|93.6|31.5|14.1|2016-10
AXP|AXP|American Express Company|501|304.25|-0.1|0.0|-6.7|-12.2|-3.8|-6.0|-1.9|-6.6|-8.1|-2.5|-1.7|-1.6|36|33|1.45|-1.74|32|-20|1.7|-21.5|5|00|1.22|0.68|DYaRdhm]XQ804IA==LN\IRLB76|-3.8|103.8|73.7|26.8|11.7|2016-10
HD|HD|The Home Depot, Inc.|501|285.77|-0.3|0.4|-8.9|-15.6|-15.0|-25.5|-3.2|-10.5|-15.5|-3.0|-1.6|-5.5|33|26|0.63|-3.48|35|-17|2.1|-28.1|3|00|1.20|0.46|glbLYTVkmh^JFVG7?JXQPSN<40|-23.9|-2.4|-14.5|-0.8|-3.1|2016-10
V|V|Visa Inc.|501|372.1|0.4|3.6|0.9|6.9|20.4|5.9|1.2|0.8|10.1|0.4|1.0|9.3|56|39|1.10|-3.26|14|5|1.6|-3.5|27|00|0.95|0.84|RRKAGTZCF>?01=ECAAOXb[maad|8.3|58.3|61.6|16.5|10.1|2016-10
FDX|FDX|FedEx Corporation|501|289.04|0.0|1.4|-8.0|-7.0|-3.9|49.5|-2.2|-7.3|-3.6|-1.7|2.5|4.0|38|33|1.51|-6.04|44|-20|2.1|-16.3|60|00|1.03|0.64|0079<AHGZa]XYdd^mmbcahlbUX|59.7|39.1|60.5|11.6|9.9|2016-10
IBM|IBM|International Business Machines Corporation|501|220.51|-0.4|0.3|-5.0|-25.3|-8.8|-23.8|-4.1|-4.9|-13.3|0.8|-2.9|-8.8|40|37|-3.82|-8.87|13|-5|2.6|-33.7|11|10|1.04|0.80|[Yi\fbc`[IIFEH<5mPW09>:=95|-20.6|55.3|61.0|15.8|10.0|2016-10
LRCX|LRCX|Lam Research Corporation|501|329.51|-1.3|0.3|2.8|-6.7|33.7|131.2|6.7|6.7|18.7|1.2|5.7|11.2|57|61|11.90|15.07|17|5|3.9|-24.9|151|10|1.04|1.11|025047>B?D@D@KHNUdmYGWTQSW|150.8|424.6|498.9|73.8|43.0|2016-10
MSI|MSI|Motorola Solutions, Inc.|501|448.33|-1.7|0.5|-3.2|7.5|0.1|-3.0|-1.9|-3.1|3.7|1.6|2.0|7.1|42|38|-1.63|-6.07|18|-6|1.7|-9.4|25|00|0.91|0.87|^W;0417>I\c_TVS=GGHDRdma]Y|-1.7|62.4|89.4|17.5|13.6|2016-10
ROK|ROK|Rockwell Automation, Inc.|501|441.9|-2.0|1.5|3.0|-5.5|13.3|26.9|2.5|1.2|4.1|-1.0|0.8|2.9|55|55|6.94|5.72|20|6|2.2|-11.2|33|10|0.92|0.92|06<:IELOSE>59MJZ^`m`_[TOTX|32.4|52.2|46.6|15.0|8.0|2016-10
MA|MA|Mastercard Incorporated|501|570.06|0.6|3.4|-0.1|9.0|12.4|-1.1|1.0|-0.3|7.1|0.7|0.3|7.4|54|37|0.70|-3.04|17|2|1.7|-5.2|23|00|0.96|0.83|Z_SEO^cETAC02A3230=IYWmZ[]|2.3|43.2|60.6|12.7|9.9|2016-10
TMO|TMO|Thermo Fisher Scientific Inc.|501|662.06|0.8|-1.9|9.8|26.2|31.5|23.5|1.1|6.2|21.7|4.1|1.4|14.5|57|70|-4.00|3.21|42|18|2.8|-4.6|52|11|1.18|1.44|HRPRRQ^bPDD8=F80>9@ISZbZmi|26.2|32.8|13.4|9.9|2.5|2016-10
SPOT|SPOT|Spotify Technology S.A.|501|512.92|5.1|5.2|-3.0|5.6|6.2|-24.0|0.3|-0.7|2.7|0.4|-1.4|3.4|51|38|-3.29|-11.14|23|-3|3.3|-26.7|27|00|0.85|0.90|mm_WQUSA1<N<=J10B;6<F>MFCD|-25.2|219.5|120.3|47.3|17.1|2018-04
DE|DE|Deere & Company|501|656.87|-3.8|-2.2|-3.5|10.8|7.8|42.6|-3.8|0.8|11.2|2.3|3.6|10.3|44|50|-7.40|-5.68|17|-12|2.7|-8.9|52|11|1.00|0.97|0355548CLeRLOROKFN^RXZ^imc|47.2|73.5|91.4|20.2|13.9|2016-10
SPY|SPY|State Street SPDR S&P 500 ETF Trust|501|777.22|-0.2|1.9|1.5|3.4|15.0|15.5|1.4|1.5|7.6|0.7|1.2|6.1|60|48|1.54|-0.36|11|5|0.9|-0.6|24|10|1.06|0.80|9990@>C@@@>42LQZdb^bVkhdhm|19.0|80.9|77.5|21.9|12.2|2016-10
COST|COST|Costco Wholesale Corporation|501|942.25|0.7|3.5|3.5|3.2|-8.5|3.0|3.4|1.1|-2.1|-0.3|0.2|-3.2|61|46|5.42|3.52|13|11|1.6|-14.1|12|00|1.15|1.10|LKE<<0;XWZXVb^amMWICUNP?=K|1.3|69.0|108.5|19.1|15.8|2016-10
URI|URI|United Rentals, Inc.|501|1037.44|-4.0|3.7|2.2|-4.7|36.4|4.3|1.1|-2.3|9.0|-0.5|2.4|11.5|49|42|6.70|3.50|14|-7|3.3|-12.0|48|01|1.08|1.10|VMB7;>IQCIB02;RTYfm`blbX]_|9.2|139.4|202.8|33.8|24.8|2016-10
BLK|BLK|BlackRock, Inc.|501|1069.63|-0.9|1.1|-2.3|4.9|6.8|-8.2|0.2|-3.6|0.8|0.1|0.1|4.6|46|42|2.05|0.13|21|-7|2.2|-12.3|17|00|0.94|0.83|k_O9PL[`QSE21JMSAG0VRimMPO|-5.5|65.0|26.7|18.2|4.8|2016-10
LLY|LLY|Eli Lilly and Company|501|1188.72|2.7|2.7|5.8|-2.3|24.7|40.6|2.8|1.2|10.5|-0.2|1.1|9.2|58|47|1.81|3.67|21|15|2.9|-8.0|52|00|0.88|0.92|50BRMVUW\OI?B@FLX_jckmh^gh|42.6|110.3|408.1|28.1|38.4|2016-10
GS|GS|The Goldman Sachs Group, Inc.|501|887.21|-1.1|-1.5|-14.4|-16.0|-2.0|14.3|-5.4|-10.8|-7.6|-3.3|1.0|3.6|30|30|-2.70|-6.33|37|-28|2.2|-23.1|20|00|1.12|0.63|4063@FOOII=9AKJN]aXmS\\YJE|16.1|183.9|125.9|41.6|17.7|2016-10
AZO|AZO|AutoZone, Inc.|501|2846.27|-1.8|0.6|-3.6|-5.5|-17.9|-29.3|-0.5|-3.6|-13.4|-1.1|-2.5|-10.2|46|42|1.65|1.20|13|-2|3.2|-31.4|4|00|1.28|0.87|mg]geNF]`aaKNXYJ:>C7@;8210|-30.2|11.7|69.3|3.7|11.1|2016-10
BRK.A|BRK-A|Berkshire Hathaway Inc.|501|759900.0|0.2|1.7|0.3|2.5|5.5|1.3|-0.1|-0.2|2.8|0.4|0.1|3.0|52|41|-0.27|-2.54|11|5|0.9|-5.7|9|11|1.19|1.04|YPTcdZ\DgZ_B<75C0V]Mlmfjhi|3.5|44.6|77.6|13.1|12.2|2016-10
BULL|BULL|Webull Corporation|501|5.89|-19.1|-15.5|-38.5|-19.3|15.9|-53.5|-23.7|-27.2|-16.4|-1.5|-1.9|14.9|27|33|-22.70|-35.51|20|-25|7.8|-55.5|31|00|1.02|0.85|maVKUNNG?9740?AB>@=GAGOSC8|-48.3|-45.2||-18.2||2022-08
UMC|UMC|United Microelectronics Corporation|501|23.31|0.5|-4.8|6.8|-6.2|146.1|208.7|-2.7|9.9|45.3|3.4|11.3|32.2|50|61|-10.62|1.22|25|4|4.3|-19.5|234|11|0.99|1.36|1110333<99865>BO``mfNUT^da|224.7|226.9|116.8|48.4|16.7|2016-10
MRAM|MRAM|Everspin Technologies, Inc.|501|17.23|-3.0|-6.6|3.5|-5.0|76.7|50.1|1.3|2.9|4.7|3.7|5.4|1.7|49|60|3.30|20.79|16|1|6.1|-66.5|134|00|0.81|1.09|8520239A67344:Lm^YRB;CDAED|62.4|66.0|182.5|18.4|23.1|2016-10
LUNR|LUNR|Intuitive Machines, Inc.|501|14.41|-4.3|1.2|-8.1|-14.7|-38.4|15.5|-2.1|-6.3|-28.9|1.5|2.2|-24.2|46|43|1.06|2.72|13|-4|7.3|-69.2|85|00|0.94|1.21|99306>FGAECFPXTdmTK>7B@=?=|17.8|266.7||54.2||2021-11
PL|PL|Planet Labs PBC|501|17.75|-4.4|8.3|-0.3|-34.7|-51.4|13.8|5.3|-9.6|-35.1|-4.8|1.2|-28.2|49|36|21.50|11.93|23|-0|5.5|-65.7|69|00|1.16|0.43|83203>BJBHGK[_\emRVH>GA9;;|20.7|580.1|78.6|89.5|12.3|2021-04
SYM|SYM|Symbotic Inc.|501|43.31|-1.9|2.9|0.0|0.4|-20.6|-37.1|0.7|2.6|-13.7|0.6|-4.2|-15.9|52|49|0.20|-3.27|7|0|4.0|-50.7|15|11|0.97|1.14|fhlMWVm[KNJFJ^V>@395021276|-32.1|24.2|339.7|7.5|34.5|2021-03
AOSL|AOSL|Alpha and Omega Semiconductor Limited|501|29.24|-2.3|6.3|14.6|-23.0|19.9|4.7|7.9|3.7|-3.3|-2.6|2.2|-6.8|56|52|16.53|17.08|18|8|4.5|-46.2|72|01|0.97|1.12|EG30659:99479Qd[fmmTDVA>CG|14.0|-0.8|-7.3|-0.3|-1.5|2016-10
WOLF|WOLF|Wolfspeed, Inc.|258|31.37|-1.4|11.5|8.6|-15.8|52.6|3.3|12.9|13.3|5.5|1.4|2.7|-6.9|57|54|23.25|14.16|20|16|7.8|-61.2|133|10|0.79|1.08|IA20724303301<Kma[ZH4D=;=C|0.9|||||2025-09
PENG|PENG|Penguin Solutions, Inc.|501|72.61|13.1|32.8|41.5|-10.8|228.3|220.2|31.8|34.1|79.6|0.2|9.4|33.9|75|53|25.59|9.67|17|26|5.5|-19.2|353|11|1.42|1.98|5440424301103:>N\`mjK[TPUi|243.1|198.4|229.5|44.0|26.9|2017-05
GFS|GFS|GLOBALFOUNDRIES Inc.|501|48.07|-1.2|0.3|6.6|-31.0|0.6|33.9|2.0|0.3|-11.7|-3.3|1.9|-12.0|50|51|7.95|12.85|13|-4|3.7|-48.1|50|00|0.92|1.21|4330858@:@C=>KW^hmkRAI@@AC|45.8|-15.5||-5.5||2021-10
IFX|IFX.DE|Infineon Technologies AG|507|60.95|-5.8|2.4|4.3|-15.9|42.0|90.3|4.5|4.1|8.8|-1.1|4.2|4.5|54|55|12.74|8.42|15|4|4.4|-31.4|95|10|1.00|1.34|021065;;;?77<DOYmicUOSMKLQ|90.3|86.4|70.7|23.1|11.3|2016-10
MCHP|MCHP|Microchip Technology Incorporated|501|78.02|-4.0|0.3|6.3|-11.6|10.3|16.6|2.9|2.7|-1.4|-0.6|2.0|-4.0|53|56|8.24|11.60|19|3|3.5|-26.3|61|00|0.92|0.90|DC<0DCOPSQFADSeecmb\KTNKOR|29.2|-1.9|6.8|-0.6|1.3|2016-10
AEHR|AEHR|Aehr Test Systems, Inc.|501|89.37|-3.0|-10.3|-1.6|17.3|41.5|245.7|-6.5|-8.3|26.4|3.4|11.4|37.8|44|54|-3.75|15.75|18|-1|9.4|-39.4|378|01|0.95|1.16|3320313526<:>TY\Yf[VJmXY[W|280.5|131.3|359.7|32.2|35.7|2016-10
ASTS|ASTS|AST SpaceMobile, Inc.|501|60.65|-3.9|3.0|-8.3|-17.9|-37.1|-25.3|0.7|-3.6|-25.1|0.2|-0.5|-22.3|49|45|4.35|1.38|10|3|6.8|-54.7|23|00|0.98|0.97|XG@0JLdkkX``_WFUmYZA3J::<;|-26.1|1530.4|502.9|153.6|43.2|2019-10
ON|ON|ON Semiconductor Corporation|501|82.51|-4.4|7.3|16.1|-15.7|20.7|62.2|9.0|7.8|2.0|-2.3|2.9|-5.4|59|54|19.41|13.31|26|14|3.9|-38.8|85|10|1.20|1.35|453078=>=A<;=M\cimUTJMECEL|80.4|-9.3|85.5|-3.2|13.2|2016-10
SOI|SOI.PA|Soitec SA|511|159.9|-4.6|2.5|9.3|63.2|147.4|334.6|7.7|22.1|68.4|9.6|14.9|37.9|60|64|6.21|4.41|30|13|5.6|-20.2|607|11|0.98|1.27|78711022478<=UfmiXVMS_U`cj|273.9|2.6|-11.2|0.9|-2.4|2016-10
8147.TW|8147.TWO|Nextronics Engineering Corp.|487|142.0|1.1|-10.4|5.2|-7.8|1.1|17.8|3.0|10.0|5.0|1.7|3.0|-4.6|56|76|0.89|15.28|31|13|4.4|-28.1|52|11|1.21|1.19|<=;202641>AOGZ\m`OMK<C>IJM|20.3|87.8|188.0|23.4|23.6|2016-10
DOCN|DOCN|DigitalOcean Holdings, Inc.|501|127.28|-2.8|-4.6|0.5|-9.6|42.4|236.4|-4.8|1.4|19.3|2.0|8.9|17.6|46|53|-8.60|4.01|18|4|6.8|-32.1|243|11|0.94|0.77|003243658<6DFDKbjmcRMXPW\V|241.3|453.6|51.8|76.9|8.7|2021-03
ERIE|ERIE|Erie Indemnity Company|501|217.77|-2.4|-0.6|-10.5|-12.1|-14.1|-33.5|-5.8|-11.0|-12.2|-0.1|-2.3|-1.3|33|32|-2.97|-11.77|33|-10|3.1|-34.1|6|00|0.71|0.70|jmV\^WXUXRO@EB3217@0DII@54|-32.9|-28.3|14.4|-10.5|2.7|2016-10
TXN|TXN|Texas Instruments Incorporated|501|288.98|-2.8|3.2|11.6|-6.3|38.3|59.1|5.1|6.5|15.3|-0.2|4.2|8.3|62|61|9.33|8.88|22|9|2.6|-13.5|89|11|0.97|1.24|:730;9?@KIA=@Maiemgh]_YX]d|68.3|84.1|48.0|22.6|8.2|2016-10
NXPI|NXPI|NXP Semiconductors N.V.|501|235.22|-3.7|-1.0|5.1|-19.0|15.2|4.2|0.6|1.8|-4.4|-2.7|0.8|-6.0|50|55|4.79|7.70|16|-0|3.0|-30.8|29|10|0.92|0.89|AA:0DCMGDF<45?cbkm]\JGBDEH|14.5|18.2|23.6|5.7|4.3|2016-10
ISRG|ISRG|Intuitive Surgical, Inc.|501|414.52|2.4|1.9|18.4|0.7|-10.3|-7.5|4.9|8.1|-6.8|2.6|-3.6|-13.8|63|62|2.19|8.00|13|4|2.7|-31.4|26|10|0.95|1.40|Gbbcihm[PUUPINKA?@;90<42<@|-3.5|40.2|26.2|11.9|4.8|2016-10
ARM|ARM|Arm Holdings plc|501|294.37|-2.7|1.6|12.6|-10.2|97.7|76.5|2.3|9.7|34.7|2.1|7.6|22.8|53|53|-0.93|6.74|19|5|6.5|-35.0|194|11|1.14|1.28|=<;5722204359<EElmbRHQMNXV|90.1|444.3||75.9||2023-09
CDNS|CDNS|Cadence Design Systems, Inc.|501|356.12|-1.0|7.9|25.3|-7.7|23.0|1.7|13.4|11.4|9.1|-0.1|-0.2|-2.0|71|63|19.47|17.80|30|23|3.4|-14.5|36|10|1.06|1.35|QLG=LCBB0;<73ANPme\[JFK6FT|8.9|46.0|137.2|13.4|18.9|2016-10
COHR|COHR|Coherent Corp.|501|334.56|-1.1|16.2|10.8|2.2|18.7|186.8|10.0|11.1|14.8|1.6|4.8|3.4|59|48|15.41|-0.67|10|4|5.6|-24.0|209|01|0.99|1.31|0083==?ACGLPM_[fbmiUEaTTS\|201.1|972.0|484.8|120.5|42.4|2016-10
AXON|AXON|Axon Enterprise, Inc.|501|406.0|-3.0|-3.9|-19.7|-30.2|3.7|-44.2|-8.1|-22.4|-17.9|-3.6|-2.1|5.7|31|33|1.36|-5.71|37|-17|3.8|-46.9|20|00|1.14|0.73|mjSGLTZW79PD4220?9NKIUV@93|-42.2|103.3|146.7|26.7|19.8|2016-10
SITM|SITM|SiTime Corporation|501|665.16|-6.5|2.0|11.1|2.6|68.4|112.7|4.5|7.2|24.6|3.8|6.1|16.3|54|56|10.28|11.41|15|7|5.2|-26.2|173|01|1.05|1.68|72:0<=;?;A<<;MTm`ijZIbXY^`|139.6|477.9|210.2|79.5|25.4|2019-11
6830.TW|6830.TW|Msscorps Co., Ltd.|487|530.0|0.6|-0.6|-11.2|29.1|-19.9|203.7|-2.8|8.1|15.3|7.4|9.2|6.7|50|51|-10.61|-14.00|28|9|5.4|-47.0|266|01|0.68|1.10|1110012324>BMjm^ZMKBBDKQON|227.2|252.2|235.4|52.1|27.4|2021-07
6315.T|6315.T|TOWA Corporation|487|2585.0|0.5|12.5|17.1|-22.5|8.3|10.2|14.3|8.2|-3.3|-5.5|-0.0|-10.6|67|52|24.32|12.67|20|20|3.2|-30.8|38|00|0.77|1.44|134J310H_T^I?OHPaKm[TE<;5H|20.6|73.9|245.9|20.2|28.2|2016-10
HUMN|HUMN|Roundhill Humanoid Robotics ETF|323|29.305|-2.1|1.0|-3.0|-11.4|-3.8|-5.9|-0.3|-3.9|-8.7|-0.6|0.3|-5.0|45|41|3.72|1.35|15|-8|1.7|-25.2|12|00|0.62|1.32|E@A0@>FPIQGB;QUfmc]K;RC>@>|1.4|||||2025-06
MARS|MARS|Roundhill Space & Technology ETF|150|25.8|-3.1|2.7|-1.1|-9.6|-13.5||0.8|-0.1||1.0|||50|45|3.72|1.17|12|3|3.3|-43.8|16|01|0.78|1.24|55;8HTJJ`lmUWBF;40@A776<79||||||2026-03
MAGS|MAGS|Roundhill Magnificent Seven ETF|501|73.69|-0.3|2.8|6.7|10.4|23.2|13.0|2.9|6.2|11.8|2.0|0.8|5.3|66|59|1.45|-0.14|28|14|1.5|-0.6|34|11|1.13|1.30|LLOBUSMEG=?50PR^^QH[AUU[hm|17.4|138.1||33.5||2023-04
CHAT|CHAT|Roundhill Generative AI & Technology ETF|501|94.8|-1.2|3.1|4.3|2.6|39.6|45.6|3.7|6.2|20.6|2.2|4.2|13.5|59|55|3.96|2.95|12|6|2.2|-9.9|71|10|0.75|1.69|;98074653:7;8HNWmhh[H`YZ`c|52.9|243.1||50.8||2023-05
SMTC|SMTC|Semtech Corporation|501|193.78|-1.7|8.7|19.2|40.9|122.9|174.7|9.7|28.8|63.2|8.2|9.5|26.7|64|60|5.10|1.85|23|17|5.3|-4.1|221|11|1.05|1.87|333085789:;79EESXd^RCTT]dm|196.9|755.2|150.2|104.5|20.1|2016-10
SMH|SMH|VanEck Semiconductor ETF|501|625.03|-1.2|2.6|8.9|2.8|47.8|80.6|5.4|8.7|24.1|1.8|5.0|14.1|64|62|6.22|7.38|20|13|2.2|-7.0|98|10|0.87|1.57|445076<>:@==<JR[dkmaQ`[[cg|92.1|321.3|390.7|61.5|37.5|2016-10
3363.TW|3363.TWO|FOCI Fiber Optic Communications, Inc.|487|679.0|4.5|4.6|-7.6|6.1|-5.7|84.8|1.5|5.9|8.3|3.1|5.0|2.3|53|47|-3.07|-12.79|18|7|4.6|-36.2|107|01|0.78|0.77|1032479989HPMmfccXJJFMOXSU|82.3|823.1|2407.0|109.8|90.5|2016-10
UWMC|UWMC|UWM Holdings Corporation|501|1.13|-5.8|-4.2|-18.7|-45.7|-71.1|-79.1|-9.5|-20.5|-63.5|-8.7|-12.0|-54.1|34|32|6.36|5.52|35|-16|8.2|-81.6|22|00|0.75|0.73|fmdala\md`VRRUQHI@?<;54310|-78.9|-77.1|-82.5|-38.8|-29.4|2020-04
SOL|bn:SOL|Solana|1000|116.12|-3.8|-1.7|11.9|49.2|40.6|-47.2|-1.7|8.2|34.3|8.8|3.6|24.1|54|62|-7.24|-2.90|43|12|3.8|-49.5|93|11|1.02|1.69|mZSILDEME36684676002212<<AAA|-41.1|400.1|-21.3|71.0|-4.7|2020-08
BNB|bn:BNB|BNB|1000|770.84|-1.1|0.2|4.2|35.6|28.2|-40.9|-0.6|4.8|20.3|4.8|2.1|14.9|54|57|-3.48|-4.64|29|5|2.5|-43.9|43|11|0.93|1.75|mZQLNHIPL56884788640225=>ABB|-40.8|264.6|90.8|53.9|13.8|2017-11
ETH|bn:ETH|Ethereum|1000|2570.44|-4.7|-4.3|3.2|47.4|17.4|-42.2|-4.2|0.9|20.8|6.6|2.9|19.7|45|59|-7.64|-4.19|39|4|2.9|-43.6|71|11|0.91|1.39|m^VNQJLUM799<<@@;430666CBFDD|-38.1|57.4|-24.7|16.3|-5.5|2017-08
BTC|bn:BTC|Bitcoin|1000|83370.0|-2.5|-0.3|5.4|33.8|17.3|-31.3|-1.0|3.8|16.2|5.5|2.0|11.9|53|63|-3.31|-1.68|42|12|2.3|-32.9|44|11|1.03|1.14|m^ZNPIKTL78:;;AEA440543BBGGG|-27.5|198.6|52.5|44.0|8.8|2017-08
XRP|bn:XRP|XRP|1000|1.4212|-5.1|-4.6|1.8|30.3|5.8|-50.2|-4.8|-0.3|11.0|7.2|0.6|11.3|46|55|-8.41|-4.06|43|11|4.6|-51.4|44|11|1.03|1.34|m\\TWLKUM<><=;>><662420>=@>>|-43.8|174.7|25.2|40.0|4.6|2018-04
DOGE|bn:DOGE|Dogecoin|1000|0.08868|-5.3|-6.2|-2.0|22.4|-4.0|-64.1|-5.7|-0.2|1.0|5.6|-0.0|1.2|45|54|-9.33|-3.59|27|1|5.2|-66.0|31|11|1.17|1.48|mWPLKC@IB7:8979>;75110065866|-57.2|45.5|-61.2|13.3|-17.3|2019-07
AVAX|bn:AVAX|Avalanche|1000|11.186|-3.6|2.3|38.5|72.8|23.6|-59.9|3.6|27.1|37.8|12.0|1.6|8.4|63|63|-5.05|-0.08|44|16|6.1|-62.2|97|11|1.71|1.46|mRLFG?@F@6999789851110034;==|-50.3|10.9|-80.2|3.5|-27.7|2020-09
ADA|bn:ADA|Cardano|1000|0.2542|-4.9|3.1|15.3|52.1|1.4|-69.0|2.5|13.2|19.2|6.7|-0.9|5.3|58|58|1.00|-1.58|34|10|6.5|-70.1|84|11|1.23|1.19|mZSLJC@GB9=::98:841011355899|-63.7|-0.8|-88.4|-0.3|-35.0|2018-04
TRX|bn:TRX|Tron|1000|0.3355|0.0|-0.6|0.3|2.1|5.5|-0.7|-0.6|-0.4|1.0|0.2|1.3|1.5|48|46|-0.79|-1.96|16|1|1.1|-11.1|25|11|0.92|1.23|`Q86215D=05:KNWcmZQLST\[^`[[|4.0|281.2|244.2|56.2|28.0|2018-06
LINK|bn:LINK|Chainlink|1000|13.358|-4.3|-7.0|4.8|74.8|50.9|-38.7|-2.2|7.7|38.7|9.2|5.0|28.8|51|57|-10.10|4.36|32|0|6.6|-41.4|91|11|1.17|1.24|mWOIMDCKB487868;9430545ABDHH|-29.7|74.1|-47.7|20.3|-12.2|2019-01
DOT|bn:DOT|Polkadot|1000|1.11|-7.7|-9.2|4.4|34.2|-12.5|-73.2|-6.2|6.7|5.2|8.6|-3.0|-1.4|48|54|-12.94|-7.75|26|-3|7.9|-74.1|75|11|1.19|1.66|mVRRLCBJD9@=;99:964110026666|-65.8|-72.3|-96.8|-34.8|-49.7|2020-08
LTC|bn:LTC|Litecoin|1000|66.26|-4.0|-1.5|20.0|51.8|22.8|-43.3|-1.0|14.9|28.5|9.1|2.3|11.9|55|69|-9.26|1.76|44|9|5.7|-51.3|69|11|1.41|1.56|mXVXSKKKE8;:;9:;942022268?CC|-33.1|1.4|-62.1|0.5|-17.6|2017-12
BCH|bn:BCH|Bitcoin Cash|1000|301.3|-3.4|-1.6|16.3|28.0|-31.7|-47.7|-2.5|10.8|-1.4|8.2|-4.7|-11.0|53|61|-10.98|-1.30|39|9|5.1|-55.0|66|11|1.38|1.01|jY\[lemml`\VYTWXJ50020097D>>|-44.3|32.3|-48.5|9.8|-12.4|2019-11
XLM|bn:XLM|Stellar|1000|0.1996|-5.9|-11.8|3.0|10.1|26.5|-48.0|-6.6|2.1|10.1|6.4|3.0|7.8|46|56|-13.13|2.43|33|2|6.7|-49.1|47|11|1.23|1.30|mYRJLA>GA35483840@D=;74:9?>>|-41.6|80.3|-39.7|21.7|-9.6|2018-05
ETC|bn:ETC|Ethereum Classic|1000|8.4|-5.0|-5.5|6.3|21.7|-0.2|-55.9|-6.3|3.1|7.2|7.0|0.7|3.9|46|55|-13.65|-6.02|37|1|6.2|-59.3|40|11|1.39|1.02|mZVTTKHPH9=9;::>=75442078;::|-49.7|-45.8|-84.1|-18.5|-30.8|2018-06
ZEC|bn:ZEC|Zcash|1000|1323.39|-3.2|-8.0|16.1|184.0|309.1|939.9|-9.2|13.8|111.7|17.6|24.5|86.1|49|49|-31.11|-36.07|36|2|8.3|-22.1|951|11|1.05|1.45|03>G79?<9332376AGD>;B=>Mamee|408.2|4947.3|1007.4|269.6|61.8|2019-03
HBAR|bn:HBAR|Hedera|1000|0.09316|-6.5|-11.1|13.8|34.3|4.7|-57.3|-4.1|9.8|13.7|9.6|0.1|3.5|50|59|-12.29|11.09|53|14|9.6|-58.1|45|11|1.73|1.51|mX[OPA@G@9>;;9::986211054:;;|-49.7|94.1|-72.5|24.7|-22.8|2019-09
XMR|bl:XMR|Monero|731|547.07|-2.2|0.5|5.3|70.8|68.0|71.9|-1.4|6.4|38.6|6.1|5.4|30.2|53|53|-5.66|-10.04|39|6|3.7|-31.5|104|11|1.02|1.10|4059?@CmH657539@>84037=COUTT|79.5|250.3|102.1|51.9|15.1|2017-11
APT|bn:APT|Aptos|1000|0.7546|-8.6|-2.1|17.7|22.3|-9.4|-85.8|-5.5|12.1|0.1|7.9|-2.2|-10.7|50|58|-11.86|-5.44|40|7|9.0|-86.0|48|11|1.44|1.48|mSLOC<?B>5657456531010001333|-80.8|-85.5||-47.4||2022-10
SUI|bn:SUI|Sui|1000|1.1211|-4.8|-3.7|37.0|57.7|22.7|-67.5|2.2|25.5|31.1|12.4|1.6|4.5|57|64|-7.01|11.35|43|12|8.8|-68.6|100|11|1.43|1.34|mTMDF@?I@5666567932120022699|-60.1|156.1||36.8||2023-05
LDO|bn:LDO|Lido DAO|1000|0.4444|-6.3|-2.9|12.9|37.2|40.0|-62.5|-0.6|11.0|28.9|8.7|4.4|16.1|53|54|-4.86|-1.41|24|0|10.0|-63.7|92|11|1.29|1.49|mXQNJAEJB55335897320773789==|-51.5|-72.1||-34.6||2022-05
UNI|bn:UNI|Uniswap|1000|7.797|-8.9|-12.2|13.7|137.7|149.8|0.4|-13.8|11.8|83.5|17.9|13.9|64.1|44|61|-32.75|-18.62|47|-1|8.2|-28.7|290|11|1.35|1.53|bOHZOEKKC5<:935680408;7?Pm__|17.8|79.8|-67.7|21.6|-20.3|2020-09
NEAR|bn:NEAR|NEAR Protocol|1000|5.405|6.7|1.2|134.2|185.7|306.4|83.3|14.3|70.3|158.2|27.1|19.4|51.6|68|62|-6.82|-0.76|60|17|10.2|-3.1|543|11|1.82|1.98|KA>C<78;70354567:IA<?99=E^mm|120.1|394.1|-26.9|70.3|-6.1|2020-10
AAVE|bn:AAVE|Aave|1000|174.34|-3.0|9.3|31.9|97.4|89.6|-36.9|9.4|25.4|70.9|13.8|4.8|36.3|63|72|7.20|15.41|45|19|6.6|-39.3|201|11|1.25|1.67|mYUMTOENI:=:;5664003664??CMM|-30.5|164.0|-39.4|38.2|-9.5|2020-10
CRV|bn:CRV|Curve DAO|1000|0.3596|-0.3|-8.9|-2.6|79.7|65.6|-51.8|-0.8|3.9|42.3|7.8|5.0|36.9|51|56|-5.68|3.91|26|1|7.7|-53.2|112|11|1.00|1.66|mTJJIABIA36331354030117=A>BB|-36.0|-24.1|-86.7|-8.8|-33.2|2020-08
ONDO|bn:ONDO|Ondo|545|0.4718|-4.0|-5.6|22.9|49.3|84.4|-48.1|-3.1|14.8|34.2|8.7|6.9|16.9|52|58|-14.84|2.05|40|7|10.3|-51.4|134|11|1.58|1.07|mYRJH=;>90312127>?;7;?8<;?EE|-42.1|||||2025-04
EIGEN|bn:EIGEN|EigenLayer|737|0.2353|-6.9|-4.1|8.8|-5.7|47.1|-88.0|-5.7|5.8|15.3|7.7|2.8|9.0|48|56|-10.76|-3.42|27|-1|9.7|-88.2|59|11|1.31|1.02|mPFB@87:61111011122131022333|-82.7|||||2024-09
ENA|bn:ENA|Ethena|919|0.2259|-6.0|-14.7|37.6|202.4|156.4|-58.5|-3.9|22.5|95.1|20.8|12.4|59.2|53|58|-20.96|0.38|52|16|11.3|-61.1|223|11|1.13|1.70|m\OHK@@D<554424645301129:@CC|-45.2|||||2024-04
ETHFI|bn:ETHFI|ether.fi|934|0.711|-8.8|-9.5|20.4|83.7|62.3|-60.2|-2.1|10.3|52.0|10.3|3.9|37.9|52|53|-6.55|-4.41|25|8|9.9|-60.5|736|11|1.02|1.67|mLHJHB@D=59;;5653230543;=?AA|-42.9|||||2024-03
PENDLE|bn:PENDLE|Pendle|1000|2.221|-6.9|-7.0|-0.4|48.6|117.5|-53.7|-10.3|3.6|38.2|10.8|8.1|33.3|44|52|-20.68|-22.40|32|1|7.9|-54.6|129|11|1.15|1.40|mQLGL=>D@144405?>577975<@HDD|-42.7|226.4||48.3||2023-07
INJ|bn:INJ|Injective|1000|7.495|-7.6|1.1|21.2|58.1|158.1|-39.6|-2.4|18.7|52.7|11.5|10.5|28.6|55|58|-10.51|-12.34|39|10|8.1|-41.7|183|11|1.35|1.39|mQGGC;8@:1211026<G@:>;;ADOMM|-21.5|-3.1|-31.4|-1.0|-7.3|2020-10
ENS|bn:ENS|Ethereum Name Service|1000|6.47|-4.3|-7.4|6.4|59.0|13.3|-68.7|-5.0|5.6|18.5|10.0|1.3|12.2|49|58|-13.14|-3.66|36|4|6.3|-73.4|270|11|1.01|1.08|mVOMLCCHB5977679855011076999|-61.8|-15.0||-5.3||2021-11
RUNE|bn:RUNE|THORChain|1000|0.719|-4.8|-10.1|47.6|87.2|81.6|-37.5|2.4|25.9|53.9|13.7|6.2|22.2|57|66|-7.41|15.45|51|16|8.8|-39.4|144|11|1.79|1.39|mRMHG?=F>023318=402024387AJJ|-22.0|-58.5|-90.4|-25.4|-37.4|2020-08
STACKS|bn:STX|Stacks|1000|0.3669|-4.6|-1.3|32.4|120.0|66.2|-38.5|6.5|28.6|67.9|20.3|4.2|30.5|61|67|1.37|8.05|45|25|9.5|-41.3|212|11|1.09|2.40|mUNKI@?QFABA?<=@?;85610BCGNN|-20.2|-27.2|-81.9|-10.0|-29.0|2019-10
OP|bn:OP|Optimism|1000|0.1219|-6.6|-5.9|10.4|22.3|6.0|-82.9|-7.4|8.6|10.2|8.6|0.7|1.5|48|55|-15.92|-8.14|35|4|9.5|-83.7|51|11|1.33|1.77|mPKKGBAID9433335432120011333|-75.0|-90.5||-54.3||2022-05
MNT|bs:MNT|Mantle|1000|0.5815|-1.8|-16.5|-6.4|38.0|-11.7|-74.7|-10.8|-1.5|2.9|7.6|-1.3|4.4|41|56|-23.36|-3.47|35|-8|6.4|-79.9|50|11|0.96|1.49|mPGCCF??>6689777754110235755|-74.1|52.9||15.2||2023-07
LINEA|bn:LINEA|Linea|393|0.002718|-5.2|-6.9|0.1|14.4|-17.6|-89.6|-5.1|1.9|-3.5|5.6|-1.4|-5.3|46|51|-9.29|-4.37|31|1|5.8|-89.9|31|11|1.35|0.92|mQJEB:;<:4333334321110011211|-85.9|||||2025-09
ZK|bn:ZK|ZKsync|843|0.01196|-7.7|-1.6|13.6|11.7|-20.2|-78.2|-2.9|14.1|-2.7|10.6|-5.3|-14.7|52|62|-7.96|-0.96|35|7|8.8|-85.9|221|11|1.11|1.74|\GmWLBCIB=;:;78:754231013444|-70.6|||||2024-06
STRK|bn:STRK|Starknet|961|0.04898|-5.2|13.5|56.7|61.1|48.9|-71.3|8.5|41.4|43.3|16.6|1.8|1.4|60|62|10.49|-2.57|48|22|10.0|-82.5|121|11|1.78|2.06|VIGmLB?B=6654365643221012477|-62.4|||||2024-02
ARB|bn:ARB|Arbitrum|1000|0.184|-7.9|-9.3|8.6|139.3|74.4|-56.3|-12.7|15.3|63.0|18.4|10.7|41.3|47|54|-31.81|-29.19|37|2|8.7|-58.2|161|11|1.06|1.90|mVQJICCHA654459963202103=HCC|-45.0|-78.3||-39.9||2023-03
RENDER|bn:RENDER|Render|804|2.031|-5.1|6.1|31.5|32.0|1.6|-39.6|6.8|24.8|21.1|9.7|1.9|-2.9|63|66|2.25|5.42|38|18|7.1|-42.0|377|11|1.42|1.49|mQFG?11ME178BF@ECJ=784086>GG|-25.6|||||2024-07
TIA|bn:TIA|Celestia|1000|0.4462|-8.9|0.9|4.3|11.6|49.4|-69.2|-3.3|11.0|20.5|8.0|3.4|8.6|51|54|-6.86|-9.87|30|5|9.2|-70.6|92|11|1.48|1.18|mRKHB98?80322035645361034888|-58.0|||||2023-10
SEI|bn:SEI|Sei|1000|0.06946|-3.5|-5.6|42.0|47.2|26.3|-75.6|3.4|27.3|29.1|13.5|0.2|1.4|58|62|-8.24|10.86|45|13|8.8|-76.2|81|11|1.71|1.33|mSOKIBAE@8865455554220022577|-69.6|-40.0||-15.6||2023-08
AR|bn:AR|Arweave|1000|4.218|-7.2|2.6|39.9|116.2|151.1|-27.3|-4.6|30.5|84.9|18.9|13.4|41.7|56|61|-17.97|-15.69|49|13|10.1|-51.7|235|11|1.72|2.29|mNUSUHIRG122305=7<444118?UTT|-7.5|5.4|-92.7|1.8|-40.8|2021-05
FIL|bn:FIL|Filecoin|1000|1.0371|-10.0|-0.6|23.9|35.6|17.3|-54.5|-0.5|17.5|21.6|9.8|1.3|3.5|53|58|-3.71|-3.74|30|8|9.2|-73.9|224|11|1.29|1.37|mOJ\QDGQF8>7989@;95240025:==|-37.5|-69.4|-98.5|-32.6|-56.9|2020-10
TAO|bn:TAO|Bittensor|910|289.5|-6.3|-3.8|11.4|41.3|-11.0|-12.6|-3.1|11.6|17.0|8.7|3.1|4.9|52|56|-10.74|-3.70|27|-0|7.4|-46.3|107|11|1.37|1.18|alm^VHCUH09?d^JZPEJ?>;>GLTUU|-24.5|||||2024-04
ARKM|bn:ARKM|Arkham|1000|0.1261|-7.6|-4.8|12.4|13.3|30.0|-75.8|-2.7|9.2|9.6|7.5|1.8|0.4|51|59|-7.73|3.15|26|5|8.4|-76.9|48|11|1.33|1.40|mRMID<;A<3322146485230031455|-66.6|-65.1||-29.6||2023-07
GRT|bn:GRT|The Graph|1000|0.02736|-6.1|-6.4|41.5|56.1|14.9|-66.6|0.4|28.0|29.2|16.8|0.5|0.9|55|61|-13.45|6.60|54|17|10.5|-67.7|111|11|1.60|1.37|mZVTPEAIE;=;;9:;:95441045:<<|-60.4|-67.8|-96.0|-31.5|-47.4|2020-12
FET|bn:FET|Artificial Superintelligence Alliance|1000|0.2283|-4.5|-0.2|24.6|42.9|-5.5|-59.0|2.9|23.0|18.8|12.4|2.3|-3.4|56|57|-3.31|1.62|36|11|10.7|-59.5|102|11|1.46|1.37|m?=LB:9G>354B@;=8A:6410559>>|-39.6|4.4|-70.6|1.5|-21.7|2019-02
IO|bn:IO|io.net|849|0.1545|-10.5|-5.3|9.6|-7.5|54.5|-70.7|-3.1|7.9|9.0|7.2|3.6|1.1|50|54|-2.77|-0.49|27|4|9.4|-72.1|115|11|1.39|1.87|mOIF@779902220378<:894265788|-58.0|||||2024-06
AKT|bl:AKT|Akash Network|1000|0.71|-6.6|10.5|28.2|21.6|57.4|-29.7|5.3|20.1|19.6|6.5|4.3|-0.5|59|58|6.23|-3.02|42|16|9.2|-31.2|181|11|1.52|1.07|mKHC?74B>01;E<>JZRVIG;CEFPSS|-10.2|-21.3|-76.9|-7.7|-25.4|2021-03
VIRTUAL|bn:VIRTUAL|Virtuals Protocol|545|0.7701|-4.1|-4.4|4.9|46.9|17.2|-29.1|0.1|7.9|15.8|7.1|0.8|7.4|52|54|-1.38|5.51|32|4|9.0|-59.5|178|11|1.21|1.18|Z>m\P:8SG0;<=9;H>>51524?9<AA|-2.3|||||2025-04
AIXBT|bn:AIXBT|aixbt|636|0.0207|-7.1|-10.0|-7.5|11.8|-16.9|-77.6|-8.8|-3.3|-10.6|4.3|-1.4|-7.6|43|52|-13.62|-2.89|23|-4|8.6|-80.1|60|11|0.95|1.17|mKTKE8=?;238768>;85120243433|-68.0|||||2025-01
GRASS|bs:GRASS|Grass|710|0.6414|-3.5|-7.9|85.9|69.0|112.7|-23.9|11.7|48.2|65.6|21.4|6.2|11.7|59|73|1.03|43.57|52|18|16.3|-25.9|294|11|1.86|1.47|mD=C<:9>902@>;EA<KGJB;;@>HZZ|16.6|||||2024-10
ATH|bs:ATH|Aethir|800|0.006631|-6.0|11.1|39.3|56.5|3.4|-87.7|6.2|25.1|24.9|11.9|-0.3|-0.1|58|71|8.04|6.93|45|19|9.6|-88.6|83|11|1.54|2.82|mOKE>76972235334321010021344|-85.5|||||2024-06
GRIFFAIN|bl:GRIFFAIN|Griffain|658|0.017118|-33.2|5.1|48.8|99.1|3.7|-44.8|2.3|22.1|42.4|9.5|6.8|16.6|52|62|17.26|2.56|47|21|17.0|-47.8|134|11|1.23|1.08|mKH@MEKPB3338FFB:43320:;:BGG|-31.1|||||2024-12
ZEREBRO|bs:ZEREBRO|Zerebro|677|0.029318|-6.4|-7.0|-21.3|-18.9|270.1|58.9|-8.9|-16.3|-0.1|-4.2|9.3|19.4|34|43|-0.94|3.71|21|-10|6.5|-50.3|658|01|0.72|0.65|CTmNaQJ?710101<hFLRb[_^c]WRR|-8.8|||||2024-11
GOAT|bs:GOAT|Goatseus Maximus|665|0.01717|-9.0|-8.5|7.0|27.6|2.3|-79.2|-8.0|2.5|9.2|6.5|0.1|6.6|45|55|-14.89|-6.91|41|3|7.2|-80.3|48|11|1.11|1.49|mOKGG@AF@8654445531110132644|-71.9|||||2024-10
COOKIE|bn:COOKIE|Cookie DAO|636|0.012|-7.7|-4.5|4.3|36.4|-27.7|-90.0|-2.3|3.5|-3.7|1.2|-5.4|-7.0|49|61|-0.51|13.55|34|8|7.6|-90.9|62|11|1.41|1.83|mUOHIABC;6565555521110222222|-87.1|||||2025-01
ACT|bn:ACT|Act I: The AI Prophecy|696|0.01025|-6.5|-5.1|-6.2|13.9|-13.9|-67.9|-5.3|-3.7|-8.8|1.0|-2.5|-5.2|45|53|-4.27|1.98|23|7|7.2|-78.9|185|01|0.82|0.73|mMFMRWjXN=><=8=B;64310474544|-55.8|||||2024-11
PIPPIN|bl:PIPPIN|Pippin|622|0.017468|-5.0|-7.5|-10.5|2.4|-46.9|-14.2|-6.0|-6.2|-23.8|1.3|-54.8|-18.8|43|54|-5.23|1.68|10|-8|6.1|-98.1|959|01|0.80|0.94|1011@PPJQXmM3211100000000000|25.4|||||2025-01
CHILLGUY|bs:CHILLGUY|Just a chill guy|686|0.011889|-6.4|-12.9|-11.5|12.6|41.1|-70.8|-11.3|-6.9|5.2|3.4|3.6|13.1|41|52|-17.53|-6.18|26|2|9.7|-73.3|75|01|0.76|0.88|mMI@F?>J=353019A:21242588877|-60.4|||||2024-11
PYTH|bn:PYTH|Pyth Network|979|0.07277|-4.0|-5.8|34.5|66.8|69.2|-53.7|-0.2|20.9|55.3|14.2|5.8|28.5|55|67|-11.88|8.18|51|8|8.8|-55.6|147|11|0.28|1.20|mSLGB99@=3852357301051267<AA|-40.0|||||2024-01
WLD|bn:WLD|Worldcoin|1000|0.5147|-6.7|-3.8|7.7|32.4|100.4|-56.9|2.7|18.0|38.4|10.2|3.7|17.3|54|64|2.21|14.95|37|10|12.2|-60.6|127|11|1.50|1.44|mSMIG?>ED7:651110AH7945::9@@|-48.5|-67.5||-31.2||2023-07
JUP|bn:JUP|Jupiter|981|0.3299|-6.1|-0.1|30.0|54.4|106.1|-25.4|2.8|25.7|59.0|13.9|7.9|26.6|58|58|-5.41|-0.99|42|9|9.0|-28.9|486|11|1.15|1.46|mXZHG9:C?055347<?<:C><6@CNVV|-11.6|||||2024-01
DRIFT|bs:DRIFT|Drift|875|0.020156|1.4|4.9|66.2|39.6|-34.2|-97.6|4.9|34.5|-16.6|12.2|-21.1|-38.0|61|59|-7.92|2.31|63|28|8.9|-97.7|92|11|1.61|3.07|mQIA@::<:5555122110000000111|-96.6|||||2024-05
KMNO|bn:KMNO|Kamino|520|0.03699|-5.3|-14.2|48.7|79.0|90.4|-51.7|-5.2|20.7|67.8|17.5|8.7|39.1|51|61|-25.77|5.41|56|13|11.8|-52.8|176|11|1.58|2.31|mY]V^VXVF;8142354003111:9BDD|-39.0|||||2025-05
RAY|bn:RAY|Raydium|1000|2.5076|14.4|28.9|114.4|268.7|301.2|-10.9|25.8|78.0|193.7|25.7|19.3|65.0|75|61|4.49|-12.21|54|30|9.3|-13.5|401|11|1.22|3.34|mMFA?99B<021123662123126BVdd|20.3|1341.1|-73.8|143.4|-23.5|2021-08
JTO|bn:JTO|Jito|1000|0.517|-5.2|-2.5|16.7|-18.8|88.3|-67.4|-3.3|3.1|2.4|-0.4|5.3|-0.7|49|51|-2.87|6.25|17|-4|10.5|-68.6|145|11|1.14|0.94|mSH=:47980214148=BDGA=>=89<<|-55.5|||||2023-12
TNSR|bn:TNSR|Tensor|913|0.0379|-4.5|-3.1|3.8|14.5|3.8|-61.0|-2.1|4.1|5.4|4.3|-1.9|1.2|50|56|-5.82|2.84|32|4|7.4|-89.6|42|01|1.18|1.87|_E<QmYQND?=<8568740321133466|-48.4|||||2024-04
MOVE|bn:MOVE|Movement|668|0.009153|-6.2|-1.2|0.6|-19.0|-49.4|-91.6|-3.8|4.2|-27.1|8.1|-8.6|-30.0|48|60|-3.79|5.64|36|5|8.5|-91.9|61|11|1.19|1.70|mVLKI@@B@9998777644331012222|-89.3|||||2024-12
DEEP|bs:DEEP|DeepBook|724|0.021379|-7.3|-7.4|32.2|19.7|-24.9|-84.0|-0.4|23.0|-2.1|11.2|-4.2|-20.4|54|66|-7.30|13.28|43|14|10.4|-84.6|70|11|1.28|1.65|mPIA>;:E<5797788:32121001244|-79.9|||||2024-10
BERA|bn:BERA|Berachain|609|0.2173|-8.6|-14.4|18.7|11.4|-47.1|-91.6|-5.1|8.7|-20.2|9.4|-11.4|-26.5|49|58|-12.07|2.58|37|6|9.0|-92.4|58|11|1.28|1.84|mZPIC:;?;B;;9666643110011222|-89.8|||||2025-02
S|bn:S|Sonic|630|0.03975|-8.7|-2.5|32.5|58.6|-3.9|-86.6|-0.2|21.5|16.6|12.4|-0.9|-4.0|55|57|-4.37|-5.88|44|11|8.9|-87.1|109|11|1.53|1.66|mPHGC=<?;6555556543010032444|-79.8|||||2025-01
VVV|bs:VVV|Venice Token|618|25.233|-6.6|-9.1|36.8|120.7|273.6|1030.0|-12.0|10.3|70.7|15.5|18.1|54.8|47|56|-27.95|-26.64|48|8|10.6|-27.1|2658|11|1.11|1.34|31000014416:;<@GOYOJDHFS]mcc|1413.7|||||2025-01
ASTER|bn:ASTER|Aster|367|0.7096|-3.7|-6.3|-8.1|13.9|6.7|-65.3|-2.9|-1.0|6.7|3.6|0.4|7.7|47|50|-3.56|-1.82|12|0|5.0|-66.4|76|01|1.05|0.94|m@FSE54734553334445110066455|-52.2|||||2025-10
PENGU|bn:PENGU|Pudgy Penguins|660|0.008551|-6.1|-11.1|1.2|38.7|31.2|-71.9|-8.1|-1.4|12.8|7.9|2.9|14.4|46|51|-15.13|-1.35|33|4|10.5|-74.3|62|11|1.23|0.87|mPF>>87@:133426;833110194966|-66.7|||||2024-12
ZRO|bn:ZRO|LayerZero|840|2.177|-3.4|25.0|91.5|129.9|9.9|-10.0|32.5|68.5|74.8|20.6|-2.9|3.7|77|72|25.18|17.77|55|25|10.8|-15.9|600|11|1.57|1.85|mQJHHDAQ]bLac]MKFB92202?<Kdd|11.3|||||2024-06
BONK|bn:BONK|Bonk|1000|3.49e-06|-4.4|-8.2|10.8|-13.2|-39.7|-82.4|-2.5|9.1|-21.3|9.3|-5.2|-27.9|51|58|-6.65|7.37|33|5|9.2|-82.9|57|11|1.26|1.21|mWRKJDBNF<>=><>@=:8752032444|-77.4|||||2023-12
FARTCOIN|bl:FARTCOIN|Fartcoin|658|0.16004|-6.0|-9.6|-6.3|10.5|-21.4|-75.2|-11.2|-7.4|-3.1|4.4|0.6|4.7|43|52|-15.03|-3.85|21|1|10.0|-76.8|61|11|0.81|1.12|mG@@ID@ND554899>7212301:3744|-62.0|||||2024-11
POPCAT|bs:POPCAT|Popcat|937|0.04867|-8.5|-7.1|-6.5|5.1|-4.2|-78.7|-9.7|-7.0|-3.7|4.2|0.4|3.6|41|51|-10.96|-4.98|18|-3|7.8|-80.0|30|11|1.11|1.33|mOKDD=:C:2334369531010063522|-70.6|||||2024-03
WIF|bn:WIF|dogwifhat|947|0.2299|-6.4|-7.6|6.3|45.5|18.5|-68.8|-4.1|7.5|25.4|11.2|3.3|16.7|50|62|-9.72|3.80|34|6|8.2|-73.1|271|11|1.22|1.15|mTNJJF=LB7835659653321087:99|-58.4|||||2024-03
FLOKI|bn:FLOKI|Floki|1000|2.731e-05|-4.7|-1.4|4.0|21.5|-0.8|-72.2|-2.1|3.9|3.6|6.0|-0.5|-0.3|51|53|-3.63|-3.94|21|2|6.7|-73.1|77|11|1.18|1.36|mWOHG??I@787869:854110054555|-63.1|54.1||15.5||2023-05
PEPE|bn:PEPE|Pepe|1000|4.08e-06|-4.7|-4.7|12.4|56.3|15.3|-56.9|-5.8|5.0|20.8|8.9|2.7|15.0|49|55|-12.46|-5.62|35|10|6.8|-58.2|83|11|1.12|1.35|mUMEE=>QF:?8::<?<750433=:A??|-45.5|474.6||79.1||2023-05
BROCCOLI|bl:BROCCOLI|Broccoli|601|0.023845|-8.2|-9.9|26.6|93.5|92.5|-48.5|-5.5|14.6|51.9|10.1|8.1|32.6|50|59|-18.47|3.99|44|11|14.2|-85.0|287|11|1.51|1.82|mD:850=F<333315<7231119:9DFF|-17.7|||||2025-02
USELESS|bl:USELESS|Useless Coin|454|0.20233|-10.0|-14.9|-12.1|151.5|470.3|-36.5|-21.8|4.0|121.0|24.9|31.4|112.6|43|48|-54.27|-61.96|40|1|15.3|-54.3|635|11|0.90|1.32|m_LCC76@702111237=899407UbQQ|-38.5|||||2025-07
PUMP|bn:PUMP|Pump.fun|392|0.006371|3.0|7.5|46.0|327.6|262.6|-1.0|23.8|39.3|154.0|16.2|14.5|82.4|66|61|19.97|23.78|39|15|11.2|-6.4|1450|11|1.00|1.16|jIRFF96BE6686567451046A[QPmm|47.5|||||2025-09
TRUMP|bn:TRUMP|Official Trump|627|1.854|-7.8|-9.7|-19.5|15.5|-36.5|-75.3|-10.4|-13.7|-11.9|5.9|-5.8|2.1|39|52|-9.20|-0.60|15|-7|7.5|-80.6|36|00|0.64|1.84|jWmb[ROVOAC>A>>9655320086544|-70.1|||||2025-01
SPX6900|bs:SPX|SPX6900|669|0.3855|-8.0|-13.4|-29.5|2.8|30.8|-73.0|-14.4|-20.8|1.3|4.8|3.6|27.9|38|43|-10.10|-12.90|16|-13|8.9|-76.1|74|00|0.79|0.88|mMD>E:9@502111574373522@9755|-71.3|||||2024-12
LIT|bs:LIT|Lighter|282|3.573|-6.4|-9.5|-24.3|53.3|258.3||-18.1|-12.9|63.5|8.0|17.2|87.7|39|35|-34.58|-55.18|31|-5|11.8|-35.9|358|11|0.93|1.14|LK>:9847021025<<=IFDFGZim^Z||||||2025-12
SWELL|bs:SWELL|Swell|739|0.000813|0.2|0.5|7.9|12.9|-33.3|-90.4|-1.2|6.6|-11.3|5.2|-4.2|-16.8|52|49|-7.37|-9.83|65|38|10.3|-90.7|49|11|0.78|2.56|mWQA>77:74654544732110011211|-87.7|||||2024-09
CHIP|bn:CHIP|CHIP|170|0.05107|-4.5|18.1|-5.1|54.6|||10.0|16.6||11.3|||59|50|12.30|-10.49|24|12|9.3|-63.7|326|01|0.73|1.30|cm]hPJGDB>;@:;4405=MYCPLYV||||||2026-04
FLUID|bs:FLUID|Fluid|560|2.077|7.5|41.3|60.6|93.5|28.3|-68.5|34.3|51.4|53.3|8.5|-5.0|1.3|74|68|30.46|10.07|38|29|8.0|-69.5|157|11|1.55|1.82|mTMHLBAHF<<=86976210001423;;|-62.3|||||2025-03
CASHCAT|bl:CASHCAT|CASHCAT|44|0.12373|-9.8|-26.6|-36.2||||-27.0||||||38|44|-30.01|-8.49|8|-6|19.7|-60.8|5|00||1.10|HYSLmaXI@C?HXDF>GGB<@50||||||2026-08
SUPER|bn:SUPER|SuperVerse|1000|0.2246|-5.1|13.1|85.2|158.5|87.9|-61.2|14.2|53.6|97.8|23.7|7.7|28.7|65|84|7.22|25.89|68|29|9.7|-62.3|182|11|1.65|2.66|mSKBGA?@=5444566432110045;AA|-50.2|189.8|-65.8|42.6|-19.3|2021-03
WOO|bn:WOO|WOO|1000|0.01258|-8.0|-10.3|7.2|9.0|-29.3|-81.4|-3.8|4.3|-11.4|4.9|-3.4|-15.1|48|61|-5.84|10.40|38|4|7.0|-82.7|85|01|0.89|1.39|mNFBA<BE>6788789753021011222|-73.8|-93.0||-58.7||2022-02
RSR|bn:RSR|Reserve Rights|1000|0.001624|-6.8|-4.6|14.5|37.7|11.4|-72.7|-4.0|6.6|9.4|7.2|0.3|2.6|50|57|-8.52|-4.25|37|8|7.3|-76.9|55|11|1.08|1.45|meYPNB@F?656958;854022155777|-68.8|-9.8|-95.4|-3.4|-46.1|2020-08
ZIG|bs:ZIG|ZIGChain|1000|0.05953|-2.6|6.6|28.1|33.8|99.0|-46.4|10.2|26.6|41.3|8.6|4.2|11.6|68|66|7.52|7.28|39|28|7.4|-50.6|121|11|0.38|1.83|m]THFHEI<8673110=FB@;97;;@GG|-42.1|405.3||71.6||2022-01
PRIME|bs:PRIME|Echelon Prime|1000|0.2281|-3.0|-4.3|-4.2|2.3|-26.8|-83.4|-4.5|-3.0|-19.4|-0.3|-5.8|-16.8|44|48|-6.40|0.84|50|24|8.5|-84.8|6|11|1.54|1.05|mgZSSLHMI>=;758:962101211100|-82.0|-91.9||-56.8||2023-02
CPOOL|bs:CPOOL|Clearpool|1000|0.03108|-9.5|-14.5|50.9|63.3|33.4|-76.3|-7.5|20.9|28.1|17.1|5.6|6.0|49|70|-23.31|11.51|75|20|13.1|-84.0|95|11|1.59|2.65|m_G?=78852223376864110012:88|-73.1|83.5||22.4||2021-10
HYPE|bs:HYPE|Hyperliquid|720|87.84|-4.5|-3.4|3.1|29.9|126.5|94.8|-3.9|3.1|42.8|8.4|9.9|38.6|50|53|-6.74|-10.29|33|6|4.8|-10.4|329|11|0.81|1.55|C:?=9011943:>=?@K\YQUJLcdmhh|121.6|||||2024-10
ETHBTC|bnp:ETHBTC|ETH/BTC ratio|1000|0.03084|-2.2|-4.0|-2.0|10.1|0.1|-15.9|-3.3|-2.8|4.4|1.3|0.7|7.4|36|46|-4.37|-2.70|27|-9|1.5|-17.0|22|00|0.81|1.11|meVV]U\`[=E?FIF=4920ACANMOII|-14.6|-47.3|-50.6|-19.2|-13.2|2017-07
SOLBTC|bnp:SOLBTC|SOL/BTC ratio|1000|0.0013925|-1.3|-1.4|6.1|11.4|20.0|-23.2|-0.7|4.4|16.0|3.4|1.3|11.2|54|58|-4.38|-1.72|33|10|2.5|-25.7|38|11|0.68|1.59|m^UPTKJQI7@;?510122@858@@EHH|-18.8|67.4|-48.4|18.7|-12.4|2020-04
SOLETH|bnp:SOLETH|SOL/ETH ratio|1000|0.04516|0.9|2.7|8.3|1.2|19.8|-8.7|2.7|7.4|11.1|2.1|0.5|3.4|64|60|-0.11|0.80|37|25|2.3|-13.8|27|11|0.69|1.28|m__VVNGOFCKHI506A=Db@9@BDKUU|-4.8|217.4||47.0||2021-10
