NIFTY 50|22776.1|-4.7|-6.7|-1.5|-9.2|15.9|29.1|5.0|5.2|-6.3|-13.5|100,100,96,98,98,95,99,97,94,89,97,101,97,102,106,103,100,98,98,102,105,109,112,109,111,108,114,123,123,125,127,128,128,136,141,143,146,137,137,134,133,125,133,138,140,145,140,138,139,146,148,148,143,143,127,136,133,135,138,136,128,129
NIFTY 500|22202.85|-4.5|-5.0|4.3|-4.2|28.4|46.7|8.7|8.0|-3.2|-7.9|99,100,97,99,99,95,98,98,93,88,97,101,98,102,105,102,99,96,96,101,104,109,113,112,114,111,119,128,131,133,134,139,139,149,155,157,160,150,150,148,143,131,141,146,151,156,151,148,150,157,158,158,152,153,136,150,150,152,155,155,146,147
NIFTY MIDCAP 100|59761.2|-5.3|-4.1|9.5|3.0|48.3|94.5|14.0|14.2|-1.1|-6.9|99,99,96,99,99,92,97,97,92,86,96,102,100,102,104,103,100,98,98,103,110,116,123,127,132,127,140,150,158,157,156,166,168,181,192,193,196,183,184,186,175,156,168,176,187,194,187,181,184,195,199,197,190,192,171,195,201,201,205,209,193,194
NIFTY SMALLCAP 100|19448.7|-3.2|1.2|22.8|8.5|51.5|76.3|14.9|12.0|7.5|-3.4|99,98,97,102,101,89,95,93,83,77,83,87,86,88,90,88,86,83,82,88,92,98,106,111,116,115,128,137,145,145,138,154,151,166,173,175,174,169,169,170,153,133,146,149,162,173,163,156,159,167,162,161,153,153,138,163,164,171,175,181,174,176
NIFTY IT|28136.05|-8.3|0.7|-10.4|-19.0|-13.0|-19.8|-4.5|-4.3|-10.1|-28.7|100,98,100,110,99,96,104,90,85,79,83,81,77,82,87,82,85,85,82,79,84,84,85,89,91,87,93,101,104,108,99,95,92,103,116,122,120,115,123,124,122,106,105,102,106,111,101,100,96,102,107,108,108,87,83,84,83,75,88,89,79,80
NIFTY PHARMA|26549.6|0.3|3.4|21.4|21.9|75.5|83.6|20.6|12.9|9.8|-2.3|100,96,94,98,91,89,94,93,87,84,88,88,90,91,91,87,85,81,83,87,88,95,104,104,107,102,112,116,124,131,131,131,130,136,151,161,161,157,154,162,148,137,146,151,148,152,157,151,148,153,159,157,150,159,154,161,168,175,183,188,183,184
NIFTY HEALTHCARE|16101.3|-1.9|-1.5|15.1|11.3|69.0|80.3|19.1|12.5|4.7|-5.0|101,96,98,100,92,91,95,94,87,84,90,90,92,94,94,90,88,84,85,90,92,100,107,106,109,104,115,119,128,134,135,134,132,141,154,162,165,162,158,167,154,142,153,157,156,162,167,161,158,164,168,164,156,166,159,167,172,181,188,190,181,180
NIFTY BANK|55128.4|-3.9|-5.3|4.6|-1.7|24.3|46.9|7.5|8.0|-3.4|-10.4|100,104,95,95,101,96,97,96,95,89,100,105,103,110,115,115,108,107,108,115,118,119,122,117,119,114,119,129,123,123,126,132,131,139,137,137,141,137,139,136,132,129,137,147,149,153,149,143,146,154,159,159,159,161,134,146,145,153,153,155,146,147
NIFTY PSU BANK|8008.4|-5.9|-3.5|-3.1|5.2|53.5|221.3|15.3|26.3|-6.7|-18.9|100,113,103,102,120,107,109,111,103,98,112,120,120,139,160,173,161,147,149,167,162,165,185,179,211,198,202,229,252,278,281,305,296,295,297,280,271,270,273,262,253,227,251,262,280,289,275,271,302,328,342,342,362,394,316,340,327,341,336,345,322,321
NIFTY PRIVATE BANK|27093.75|-2.6|-4.3|7.0|-1.4|17.9|39.0|5.7|6.8|-1.3|-7.2|100,104,93,93,98,94,94,94,93,86,98,104,102,109,113,112,106,106,106,112,115,118,120,118,118,114,119,128,121,119,121,126,124,134,132,132,136,129,130,127,125,124,132,141,141,145,139,134,136,144,148,147,146,147,124,135,135,143,141,144,137,139
NIFTY FINANCIAL SERVICES|24946.05|-4.2|-7.6|1.1|-6.6|25.9|36.2|8.0|6.4|-5.4|-12.4|100,103,96,95,97,93,94,91,90,85,95,100,96,101,106,104,99,98,99,105,106,110,111,107,108,105,110,117,112,111,115,119,119,128,128,129,134,130,131,128,127,126,137,143,145,148,146,140,142,148,152,151,149,152,128,140,138,145,145,144,135,136
NIFTY CAPITAL MARKETS|5262.55|-2.9|-2.7|16.1|21.5|203.6|214.2|44.8|25.7|3.7|-7.2|100,100,101,102,98,88,97,93,82,73,78,81,77,79,81,78,73,69,65,70,75,81,87,92,101,114,138,140,148,150,147,165,160,169,179,194,204,222,225,240,205,185,204,223,254,282,259,244,247,270,286,278,278,275,254,313,327,325,317,328,304,314
NIFTY REALTY|837.45|-7.8|-6.2|19.9|-5.1|42.5|66.9|12.5|10.8|1.4|-13.5|102,99,97,96,96,87,92,88,82,77,90,92,85,87,90,86,82,78,77,89,95,104,113,111,115,120,142,156,171,181,180,194,203,220,218,210,219,199,203,210,184,159,170,177,189,197,182,174,173,189,180,175,156,156,130,158,156,165,180,180,169,167
NIFTY AUTO|25541.95|-7.8|-6.6|4.8|-4.9|59.7|141.7|16.9|19.3|-5.6|-13.8|100,107,100,103,111,102,100,105,110,111,119,125,120,127,125,119,126,120,116,125,134,143,149,148,153,151,166,176,182,193,203,213,222,238,253,248,256,223,221,216,216,194,202,211,221,226,224,236,251,254,263,267,253,266,225,245,249,251,272,273,249,242
NIFTY EV & NEW AGE AUTOMOTIVE|3007.55|-6.5|-4.1|10.3|-3.3|40.4|114.3|12.0|16.5|-2.2|-11.6|99,102,104,110,114,106,108,110,110,110,120,126,125,127,129,122,125,124,121,129,139,145,150,152,155,150,164,176,181,187,193,204,210,234,241,241,249,222,217,212,204,182,190,194,208,210,206,212,218,221,223,224,210,220,187,213,218,221,232,237,217,214
NIFTY METAL|12599.75|-5.4|0.1|7.1|23.7|86.8|123.9|23.2|17.5|1.5|-8.2|100,99,92,98,97,105,114,112,95,83,97,105,103,105,117,119,115,94,98,103,105,110,120,118,122,115,125,142,142,141,147,163,173,174,170,167,181,166,161,154,149,146,162,153,163,169,165,163,178,189,183,198,210,218,198,228,239,222,226,234,227,224
NIFTY FMCG|45205.35|-1.5|-10.0|-3.8|-17.9|-12.4|12.5|-4.3|2.4|-8.8|-20.4|101,95,93,94,91,88,90,95,96,94,106,109,111,110,113,110,111,112,114,119,127,130,131,127,128,128,132,142,137,134,134,135,135,141,155,157,163,147,144,141,141,126,133,141,138,137,139,140,136,140,138,138,128,127,113,127,123,121,122,115,111,113
NIFTY INDIA CONSUMPTION|11074.35|-4.5|-6.7|3.5|-9.3|30.5|54.6|9.3|9.1|-4.3|-12.4|100,98,98,98,97,95,95,99,97,93,105,111,110,111,111,105,103,99,100,105,111,116,117,116,118,116,125,134,134,137,141,145,146,155,165,169,179,160,160,159,155,142,150,158,159,165,164,168,168,173,174,172,160,161,144,159,157,161,169,165,155,155
NIFTY CONSUMER DURABLES|36750.1|-6.9|-2.5|7.6|-2.8|25.2|34.9|7.8|6.2|-1.1|-10.0|99,104,104,107,101,102,100,101,91,84,95,101,100,99,97,93,89,88,88,89,96,100,101,105,106,103,108,114,116,118,119,127,129,141,146,152,160,144,148,154,138,127,131,136,137,141,141,142,136,142,139,135,126,138,121,137,128,134,147,148,134,135
NIFTY ENERGY|36915.75|-3.0|-5.8|3.8|4.4|38.1|54.5|11.4|9.1|-2.0|-11.1|96,97,96,95,105,101,108,120,107,105,109,118,107,112,114,108,99,91,95,99,100,103,112,108,114,112,123,140,154,163,163,169,168,175,184,183,184,164,157,147,142,126,140,143,150,153,147,141,146,152,149,148,147,155,146,171,171,166,162,159,153,154
NIFTY OIL & GAS|10676.85|-4.6|-5.1|-0.7|-6.8|37.0|33.2|11.1|5.9|-6.2|-13.6|97,96,92,92,97,91,98,102,98,95,98,104,95,101,107,105,95,87,89,93,93,94,102,96,99,95,106,118,134,143,143,148,145,152,165,168,163,142,138,134,132,120,132,139,142,147,140,135,141,150,150,153,147,153,135,146,140,138,140,138,132,133
NIFTY INFRASTRUCTURE|8797.55|-4.4|-6.9|1.0|-3.5|41.2|73.8|12.2|11.7|-5.2|-9.9|99,100,98,98,100,95,99,101,96,91,97,101,98,103,108,104,100,99,101,106,108,113,121,118,123,120,130,144,155,160,165,169,171,180,188,186,189,174,173,167,165,151,167,174,177,186,179,175,178,189,191,190,181,188,169,186,185,186,186,181,173,174
NIFTY PSE|9346.45|-3.7|-6.1|-4.9|-5.8|58.6|120.7|16.6|17.2|-6.7|-13.2|97,95,90,91,98,93,96,100,96,90,95,100,94,101,105,103,104,104,106,111,113,120,130,129,141,139,160,185,205,216,215,236,248,252,276,271,266,240,239,225,219,190,221,226,233,238,229,217,231,238,230,233,240,247,226,251,241,236,235,229,221,221
NIFTY CPSE|6163.25|-4.0|-7.9|-12.6|-5.7|61.6|152.2|17.4|20.3|-8.8|-17.9|97,94,92,93,102,99,102,108,107,101,104,112,105,115,117,114,115,118,119,125,127,133,144,143,160,159,174,199,221,236,236,256,270,279,307,303,297,270,267,249,251,220,251,256,264,272,261,251,264,271,260,260,279,290,282,305,287,274,267,261,255,252
NIFTY MEDIA|1567.7|0.1|5.4|19.6|-1.4|-31.4|-29.2|-11.8|-6.7|7.5|-3.3|97,101,98,100,101,91,108,97,93,86,94,93,93,93,96,90,86,77,77,77,79,79,93,104,102,99,104,108,97,93,81,86,85,90,97,95,97,91,90,82,71,63,67,68,77,79,73,73,70,70,66,65,63,64,57,66,64,67,73,70,72,71
NIFTY INDIA DEFENCE|9347.25|-3.7|-1.4|19.8|14.7|182.3|643.1|41.3|49.4|6.7|-6.5|98,104,111,107,111,104,114,124,124,118,133,155,162,174,183,175,173,168,169,183,192,216,236,256,260,253,290,332,343,354,369,429,528,579,607,551,529,505,533,516,508,408,508,567,690,705,618,589,624,647,637,616,651,646,574,713,724,757,742,773,737,743
NIFTY CHEMICALS|28541.15|-5.2|-4.7|10.7|-2.6|22.0|20.5|6.9|3.8|-0.9|-7.8|94,91,88,97,97,93,101,98,92,86,97,103,103,104,104,100,95,94,95,100,100,100,97,101,99,95,101,108,102,101,105,112,107,118,126,124,129,122,119,114,116,107,118,123,127,135,131,124,121,123,122,123,117,117,105,120,123,125,127,127,120,121
NIFTY COMMODITIES|9239.3|-5.8|-6.7|-1.3|1.6|45.2|59.3|13.2|9.8|-5.5|-12.0|98,99,93,96,99,98,103,107,94,87,96,101,96,100,105,102,98,93,96,100,101,104,110,107,112,108,118,133,137,140,144,152,153,160,166,164,169,153,147,140,139,131,146,147,148,154,151,148,155,162,159,164,166,172,157,177,177,169,170,167,161,159
NIFTY INDIA MANUFACTURING|15422.65|-4.9|-3.7|7.4|2.9|59.5|93.9|16.8|14.2|-1.4|-7.4|99,100,96,100,99,97,100,101,96,92,101,106,103,105,107,104,104,100,100,105,109,116,122,122,123,119,130,139,142,148,154,163,172,184,191,191,196,179,177,174,167,152,165,170,178,183,179,179,186,192,192,194,189,198,176,196,200,200,205,208,194,194
NIFTY INDIA DIGITAL|8163.15|-6.8|1.4|6.0|-9.3|25.4|16.6|7.8|3.1|-1.9|-15.9|98,95,96,103,93,88,91,85,80,73,76,78,75,77,80,75,74,74,73,75,80,85,87,89,92,90,98,104,109,111,110,110,108,119,129,137,135,128,136,139,130,115,118,120,125,132,127,127,124,132,135,135,129,112,104,111,112,109,122,127,115,117
