E2E|E2E|E2E Networks Limited|499|656.1|1.2|0.6|10.7|76.7|166.4|76.9|5.5|8.0|75.1|7.0|12.0|62.1|61|63|4.12|3.41|16|5|5.4|-6.0|258|00|0.59|1.40|G@>83003686239;>LGJI^fgjem
NETWEB|NETWEB|Netweb Technologies India Limited|499|4765.1|5.4|4.8|-9.6|12.6|43.9|13.1|0.2|-2.7|17.9|1.5|3.9|21.1|49|38|-1.79|-9.09|25|-5|3.9|-18.0|63|00|0.63|1.41|QF7:420841A73CGDXXTSR_mf[\
PARAS|PARAS|Paras Defence and Space Technologies Limited|499|1266.2|-0.8|-4.1|-10.3|-2.2|89.9|75.1|-7.9|-7.5|31.3|1.9|7.6|41.9|36|41|-11.68|-11.10|25|-14|5.0|-20.1|118|01|0.75|1.27|6749604331421;;8=QVYY\mke\
STLTECH|STLTECH|Sterlite Technologies Limited|499|1001.25|4.8|19.6|40.4|80.1|399.4|729.3|16.5|37.8|142.5|10.3|22.4|76.0|75|60|7.82|-6.85|25|25|4.9|-0.2|1084|11|1.06|1.68|2211001014566<>FPSTMOUV_`m
HFCL|HFCL|HFCL Limited|499|250.27|5.0|18.5|13.5|10.7|232.9|236.2|10.9|12.8|73.6|0.7|12.2|53.9|64|42|10.21|-11.00|20|12|4.4|-2.5|318|00|0.45|1.65|34332011111229DIWV`aZaikam
MTARTECH|MTARTECH|MTAR Technologies Limited|499|7654.0|-1.8|10.9|12.2|9.2|84.9|292.0|4.9|10.4|40.3|3.6|9.7|27.1|59|46|7.16|-5.48|14|17|4.6|-12.2|310|10|0.89|1.52|02486448;CCBAP]ggjlcYedlfm
KAYNES|KAYNES|Kaynes Technology India Limited|499|3394.8|-0.1|-7.0|-2.6|2.5|-13.2|-54.5|-3.5|-6.9|-6.8|1.2|-3.7|0.1|41|54|-2.42|1.79|17|-9|4.4|-55.9|13|00|0.78|1.07|mc\WJ=<75<976?>0001319:784
ADANIENT|ADANIENT|Adani Enterprises Limited|499|2864.0|1.7|-1.8|-1.3|-7.8|40.1|11.3|-3.2|-4.2|10.9|-1.5|2.7|15.7|44|44|-3.87|-2.00|19|-16|3.1|-11.7|63|00|0.98|0.96|PQFLABD?7@=60BNWabcmgeecd_
HCLTECH|HCLTECH|HCL Technologies Limited|499|1201.9|-3.3|-4.5|-8.9|2.9|-17.7|-15.2|-3.4|-7.3|-10.5|0.5|-2.9|-3.4|38|47|-2.17|0.82|12|-9|3.1|-32.5|17|00|1.07|0.73|RW[hiigmkULFOQ:5920<DJFBB:
TATACOMM|TATACOMM|Tata Communications Limited|499|1677.2|-0.3|0.6|-1.1|-12.0|14.2|1.1|-2.7|-2.7|-1.7|-1.6|-0.7|1.1|42|38|-3.72|-5.60|19|-2|3.1|-20.5|27|10|0.84|0.68|Le^e^YYUBH@50=BLhgm]SSNSSM
AVALON|AVALON|Avalon Technologies Limited|499|2256.3|-1.0|-3.1|0.3|37.6|126.1|99.4|-2.6|5.5|56.4|6.1|10.7|48.3|49|54|-10.82|-3.16|21|-4|6.7|-13.8|190|11|1.17|1.61|?>862022085238;AFRSPQX_hmd
MOSCHIP|MOSCHIP|MosChip Technologies Limited|414|195.84|-1.1|-4.0|-8.3|-13.3|11.4|-26.2|-4.6|-5.7|-3.1|-3.5|-0.1|2.8|37|44|-4.48|-1.67|22|-15|3.4|-32.1|33|00|0.68|1.31|miRKF?H<C;810ADCIICSFDEIE@
BLUESTARCO|BLUESTARCO|Blue Star Limited|499|1510.0|3.5|-3.5|1.6|-5.9|-6.8|-20.2|-0.7|-1.7|-10.9|-2.2|-1.4|-9.4|48|55|-1.48|5.40|15|-12|3.4|-25.7|5|10|1.16|0.62|ekUVQ^YW\mdY4bWB6?BLC21092
SYRMA|SYRMA|Syrma SGS Technology Limited|499|1700.4|-1.0|-1.9|17.0|25.4|101.3|107.9|2.2|11.3|52.6|4.7|8.6|37.1|57|66|-0.57|6.87|24|13|5.3|-6.7|168|11|1.46|2.89|955:50204:435?C@HTX\Ua^hml
JNKINDIA|JNKINDIA|JNK India Limited|497|432.2|-0.1|2.8|2.7|-15.5|64.0|56.3|1.6|-0.5|22.8|-3.1|5.4|23.4|51|46|6.98|1.05|17|2|5.0|-22.5|115|01|0.68|1.17|<@>?516025452BNGPlfmeWa_X]
INDIAGLYCO|INDIAGLYCO|India Glycols Limited|499|303.35|1.5|-2.1|22.3|-71.9|-66.9|-66.6|6.2|-59.1|-66.8|-18.7|-8.0|-19.0|29|28|110.31|76.54|49|-26|6.7|-75.2|40|01|1.58|2.20|Z``kfca\X\ZWZ^ca`__fmfm103
MRPL|MRPL|Mangalore Refinery and Petrochemicals Limited|499|172.43|4.7|4.8|-2.0|17.7|-3.9|16.8|1.4|0.9|2.6|-0.2|0.8|1.7|53|43|1.18|-6.35|16|8|4.3|-18.8|27|11|1.07|1.43|67LQ>088T^`mYWA54K6GDEPPIO
GLAND|GLAND|Gland Pharma Limited|498|2911.5|1.3|-0.2|0.1|14.2|68.4|49.2|-0.5|3.1|34.4|3.4|5.8|30.4|52|55|-3.90|-4.63|20|4|2.9|-4.3|85|11|0.72|2.13|>==66143<870278HNJRVT_emkj
RPTECH|RPTECH|Rashi Peripherals Limited|499|943.45|-1.0|5.6|15.7|25.4|151.1|198.3|10.1|11.5|64.6|3.5|10.1|47.6|66|62|13.38|10.42|20|15|4.5|-6.1|201|11|0.73|1.14|0222134545435?@DGH[]_hfd`m
BSE|BSE|BSE Limited|499|3179.6|4.4|-0.4|-3.8|-13.7|0.5|43.4|-2.1|-5.1|-4.5|-2.9|1.4|0.7|46|42|-1.96|-1.17|30|-17|3.4|-28.5|46|00|1.11|1.02|087EA?>C?B=HDX`mkmdcZ\SWNO
DRREDDY|DRREDDY|Dr. Reddy's Laboratories Limited|499|1203.0|-0.3|0.2|4.2|-11.2|1.0|-3.7|1.5|2.2|-3.5|0.1|-0.6|-5.6|53|58|3.40|5.94|22|3|2.2|-15.0|9|10|1.19|1.07|KV@LSTM8:QXUCGVaWTmH24<0>?
GUJALKALI|GUJALKALI|Gujarat Alkalies and Chemicals Limited|498|606.45|0.5|-3.9|-16.1|2.0|3.2|8.0|-7.9|-10.7|0.2|0.1|2.3|12.3|34|35|-9.86|-16.39|33|-15|4.3|-25.6|48|00|0.71|1.76|HFHGB?>:5;90Odm[[WOP][b_SO
GENUSPOWER|GENUSPOWER|Genus Power Infrastructures Limited|499|280.25|0.1|-8.3|-17.5|-9.5|8.8|-9.2|-9.2|-11.4|-5.3|-1.1|-0.1|6.9|26|39|-12.24|-7.30|23|-18|4.2|-22.8|36|00|0.68|1.35|WSmdTORI@@<80K[TV\[Z]TfdWH
COFORGE|COFORGE|Coforge Limited|499|1852.0|1.4|3.8|-6.1|22.1|45.8|11.4|2.0|1.5|22.1|3.2|-0.4|20.3|55|44|-1.08|-8.64|30|-3|3.5|-8.4|84|00|0.92|1.76|Z^_emeW]YF60:?5CJFMPObgkce
IRMENERGY|IRMENERGY|IRM Energy Limited|499|259.5|0.7|-3.3|-8.6|-1.7|33.6|-28.2|-4.3|-6.4|-0.5|0.4|-0.7|6.3|36|41|-4.68|-3.91|26|-12|3.4|-29.3|57|00|0.46|2.83|mf[^WRVKAE?50:kSMSLNKXSTPK
SOLARINDS|SOLARINDS|Solar Industries India Limited|498|19540.0|0.7|-1.0|-9.1|7.0|43.0|41.1|-3.2|-1.2|19.3|0.9|4.6|20.8|47|47|-4.66|-10.77|23|-8|4.7|-13.9|68|11|1.36|0.82|>>;<602688==8CFUVQTVYZam]^
KRBL|KRBL|KRBL Limited|498|382.15|1.7|-4.1|-10.1|2.9|22.7|9.7|-4.8|-3.6|5.0|1.8|-0.0|8.9|41|46|-9.04|-9.07|26|-10|3.7|-15.6|39|01|0.59|2.30|GVSi[Y\LFOD05IQ@GSUOISmi[V
BANDHANBNK|BANDHANBNK|Bandhan Bank Limited|499|168.27|-4.4|-10.4|2.5|-18.0|2.1|2.1|-5.0|-3.1|-4.8|-2.0|1.7|-1.8|42|63|-3.86|13.29|17|-7|4.0|-23.8|25|11|1.39|1.53|BC8611004EM=2LgYhkcmFIJBOE
GRANULES|GRANULES|Granules India Limited|498|817.25|-0.5|-5.9|-4.3|-5.4|26.8|46.6|-5.8|-4.3|13.0|-0.6|4.5|18.1|39|52|-7.89|-3.01|21|-14|3.6|-11.5|54|10|1.40|1.32|023035<50243;DKPXS[mcefhi_
ASMTEC|ASMTEC@B|ASM Technologies Limited|495|6617.2|0.2|-5.5|36.4|62.6|165.5|64.8|-0.8|20.1|78.4|10.3|9.5|48.5|58|68|-13.45|2.74|39|2|5.8|-8.7|215|11|1.34|1.91|JBAGC=?;;8203=>;=AGKLTP[ml
RPOWER|RPOWER|Reliance Power Limited|499|20.09|3.5|-2.3|-8.8|-19.5|-18.9|-55.7|-3.8|-9.5|-23.0|-3.5|-5.8|-15.0|35|30|-2.97|-0.74|19|-10|3.4|-60.4|5|00|1.10|0.89|mmd`]\WMA@756DF@A@:<9:7520
IDEAFORGE|IDEAFORGE|ideaForge Technology Limited|499|701.65|-4.5|-3.9|-9.6|-16.5|67.5|41.8|-4.2|-11.3|7.5|-3.4|4.5|21.1|37|42|2.90|3.33|16|-3|4.3|-29.3|92|00|0.78|0.63|;:7<7297415508Xbahamgl`\\T
DMART|DMART|Avenue Supermarts Limited|499|3567.0|-6.5|-7.0|-5.2|-12.4|-18.4|-17.1|-4.7|-7.4|-10.9|-1.0|-0.5|-3.7|33|53|-0.23|6.01|21|-19|2.5|-23.2|1|00|1.05|0.69|[ZNND;9<6B>=_m`[NO^IKMF8>0
DALMIASUG|DALMIASUG|Dalmia Bharat Sugar and Industries Limited|497|430.15|8.4|0.3|-6.7|18.8|14.2|22.0|4.4|1.4|21.9|2.1|3.1|20.2|54|53|3.60|-4.44|23|10|4.9|-17.3|65|01|0.38|2.91|KH@<88720685PSUBBC?KI[mcP^
KOTAKBANK|KOTAKBANK|Kotak Mahindra Bank Limited|499|416.0|-0.6|3.0|-1.2|9.0|9.4|-3.1|0.6|2.4|4.2|1.4|-0.3|1.7|55|42|-0.70|-5.67|26|11|2.3|-8.2|20|11|1.23|1.43|bm\^dhm]VcY<0@:I?TLDDKQ`[[
ADANIPORTS|ADANIPORTS|Adani Ports and Special Economic Zone Limited|499|1774.0|2.1|-0.8|4.0|-3.3|22.1|26.7|0.5|3.0|8.5|-0.4|1.6|5.3|52|57|-1.01|3.66|17|-5|2.7|-6.2|37|11|0.88|0.85|5?:ACBA85H>02Mdjilhmh[Z]jh
BEL|BEL|Bharat Electronics Limited|499|384.85|0.5|-2.2|-5.8|-8.2|-11.1|-6.9|-2.6|-3.9|-8.0|-0.9|-0.2|-4.3|39|43|-2.56|-1.63|23|-19|2.1|-18.7|2|00|0.88|0.92|FLEQD0@F^]j^OmYTDEGGDAEA<1
ONGC|ONGC|Oil and Natural Gas Corporation Limited|499|224.9|1.1|-4.6|-4.7|-7.9|-21.2|-8.5|-3.5|-4.6|-12.5|-1.5|-0.3|-8.2|36|49|-4.90|2.62|21|-9|1.9|-26.9|2|00|0.94|0.84|ADFD?6>CIW`ReaimQ@8D<=:790
TATASTEEL|TATASTEEL|Tata Steel Limited|499|178.14|0.1|-5.2|-3.3|-6.1|-12.8|4.8|-3.7|-4.2|-8.4|-0.1|0.9|-4.4|38|53|-4.17|2.90|18|-7|2.7|-20.6|11|00|1.00|0.73|68>802FMMdkVUlmjkYOKGOJIF?
SHRIRAMFIN|SHRIRAMFIN|Shriram Finance Limited|499|971.4|2.8|-2.3|-7.0|-8.9|-5.1|44.7|-2.9|-8.1|-3.7|-0.9|1.6|4.8|39|37|-2.16|-1.35|37|-24|2.7|-15.8|47|00|0.91|0.93|04@EEJ\[Vfb\MaVSQ[_a`mk`]W
CGPOWER|CGPOWER|CG Power and Industrial Solutions Limited|499|882.3|0.4|-0.4|-1.4|-3.1|21.5|18.4|-0.6|0.1|10.5|-0.6|2.8|10.3|50|49|-2.19|-0.92|14|-2|3.0|-10.1|68|10|0.85|1.25|MKJI@?>07DGGBTUVcjmeaaadfb
ADANIENSOL|ADANIENSOL|Adani Energy Solutions Limited|499|1353.4|2.0|1.1|-2.3|-18.0|26.1|46.1|-0.9|-9.3|4.6|-4.6|3.0|15.3|43|35|2.83|2.05|29|-7|3.3|-24.3|69|00|0.60|0.61|346867=209794LVQ^]]imhbVVS
BHARTIARTL|BHARTIARTL|Bharti Airtel Limited|499|1779.9|2.2|-0.3|-4.8|-7.6|-4.4|-6.5|-1.9|-5.4|-6.6|-1.4|-1.5|-1.3|41|38|-2.32|-1.32|25|-13|1.8|-18.1|3|00|0.91|0.80|HZcmdbeVNX?82;8J5::DDJI<80
LT|LT|Larsen & Toubro Limited|499|3750.0|1.5|-3.3|-5.7|-6.1|-6.4|0.3|-2.9|-5.2|-5.5|-0.0|-0.4|-0.3|38|44|-3.72|-0.58|28|-20|1.9|-15.5|14|00|1.04|1.06|APO^Y]iMSma07_dS[jjTHbcZRC
LTFOODS|LTFOODS|LT Foods Limited|499|405.8|1.7|-3.9|-8.3|6.4|-0.7|3.0|-4.6|-4.4|1.3|1.6|0.6|5.9|40|46|-9.03|-6.49|27|-10|3.1|-17.3|22|00|0.29|6.23|G\MNNFC30Y<B@R\K==9?:Wmg\L
AUROPHARMA|AUROPHARMA|Aurobindo Pharma Limited|498|1674.9|-0.1|-2.2|2.3|5.8|25.4|53.2|-0.9|1.5|17.6|1.9|3.5|15.9|50|58|-3.55|0.83|17|-4|2.3|-3.7|57|11|0.88|1.27|005>;::879;CGKLXQO]]]gchmi
SUNPHARMA|SUNPHARMA|Sun Pharmaceutical Industries Limited|499|1779.7|-1.2|-3.9|-7.1|-6.5|3.8|7.6|-3.7|-6.4|-1.6|-1.1|0.3|5.1|34|44|-2.74|0.27|15|-12|1.8|-13.1|12|00|0.83|0.80|4;:JREB70=FM<7SaNO\dmhb_[K
EICHERMOT|EICHERMOT|Eicher Motors Limited|499|7021.5|1.5|-4.6|-8.7|-6.8|-1.5|2.1|-5.4|-9.3|-5.3|-0.7|0.4|4.4|27|32|-6.30|-3.28|44|-33|1.8|-14.7|9|00|0.82|0.78|=@7EDDNM?kc;0JN<D[RLajm]V@
ATGL|ATGL|Adani Total Gas Limited|499|583.25|0.0|-4.6|-5.0|-18.0|4.3|-7.9|-3.5|-7.4|-5.2|-2.9|0.1|2.4|38|46|-2.48|6.25|20|-8|3.8|-32.2|26|00|1.68|2.81|TQPMIGH>79067PVNmjljZZULUG
ZENTEC|ZENTEC|Zen Technologies Limited|499|1599.5|1.5|-4.9|-11.6|-14.2|10.3|9.9|-4.9|-8.4|0.6|-1.8|1.9|9.8|35|42|-4.86|-3.83|28|-22|3.3|-21.7|31|00|0.65|1.03|;85<5240202:4QEHOa\eVZmaVM
INDIGO|INDIGO|InterGlobe Aviation Limited|498|4935.0|0.1|-0.1|-0.9|-8.5|15.6|-12.8|0.1|-3.4|2.3|-0.9|-1.1|5.8|47|46|2.54|2.42|28|-7|2.3|-17.3|27|00|0.96|0.88|emcgaLPC>JF10@339HWTUXQMJJ
SAIL|SAIL|Steel Authority of India Limited|499|176.95|1.4|-4.4|-10.2|6.8|7.6|33.4|-1.9|-1.3|4.4|1.9|2.9|5.8|45|55|-3.38|-0.92|17|-6|3.5|-15.6|43|01|0.75|1.42|428940@BAJOEFT_dm\VPLTZ`XX
TATACONSUM|TATACONSUM|Tata Consumer Products Limited|499|953.75|-0.3|-3.0|-6.4|-15.2|-10.7|-16.5|-3.4|-7.9|-14.2|-2.2|-1.6|-6.9|33|37|-1.71|1.07|43|-19|2.0|-25.6|1|00|0.97|0.57|Uad`[``dVYVKCU]mZPSPRRH=:0
HINDALCO|HINDALCO|Hindalco Industries Limited|499|938.4|-0.4|-4.0|-7.1|-3.2|-1.4|20.8|-4.1|-6.6|-4.5|0.2|1.7|2.2|35|44|-4.53|-1.08|21|-15|2.2|-20.2|24|00|0.92|1.03|03357?JKKGLLHX]_mXPQM__WSL
ADANIGREEN|ADANIGREEN|Adani Green Energy Limited|499|1284.0|0.6|-1.0|0.0|-15.5|24.7|21.2|-0.1|-2.3|6.5|-3.3|2.2|9.1|48|48|1.55|3.95|14|-1|2.9|-21.3|68|01|0.92|0.81|CACC??A70=521KW^dgim`^XWXV
ANANTRAJ|ANANTRAJ|Anant Raj Limited|499|587.4|1.7|-4.9|-6.5|9.2|21.1|-16.7|-3.0|-4.0|7.5|0.5|0.9|12.0|43|53|-4.44|3.34|17|-15|3.2|-21.0|46|00|0.76|1.51|mZUTCBMFGD=01<=6CC>NTQSXOM
TRENT|TRENT|Trent Limited|499|2580.0|0.0|-3.3|-8.4|-11.9|-0.9|-46.0|-5.8|-10.1|-9.2|-1.4|-4.9|1.0|24|30|-5.84|-2.49|41|-30|2.4|-47.0|18|00|0.86|0.50|jmjc_Z>63;510<:8:=F=>A>;;5
ARE&M|ARE&M|Amara Raja Energy & Mobility Limited|499|741.6|-0.8|-6.4|-13.8|-12.0|-1.3|-26.3|-6.8|-14.5|-12.8|-2.7|-1.7|1.9|20|30|-4.07|-0.39|45|-27|2.6|-27.5|11|00|0.53|0.98|mkie^[\QCHE;08RBPHEXPU[I?3
CIPLA|CIPLA|Cipla Limited|499|1335.5|-0.6|-4.6|-4.2|-8.0|9.8|-11.7|-2.8|-5.5|-3.1|-0.7|-1.0|2.6|33|52|-1.97|3.58|23|-14|2.1|-20.2|15|00|1.05|0.68|ZmX\[XYK?EE<05BNJHRNLTPJIC
DRONACHRYA|DRONACHRYA@B|DroneAcharya Aerial Innovations Limited|495|32.43|2.1|-2.7|-3.8|-19.6|-1.3|-46.5|0.4|-4.9|-12.7|-3.3|-4.8|-8.1|47|50|4.40|10.75|28|-9|4.5|-50.4|12|00|1.10|0.59|m^lmPVIA<>8<0?=EGIGE=>>837
TEJASNET|TEJASNET|Tejas Networks Limited|499|463.2|-0.3|-8.1|-18.4|-15.3|5.1|-23.0|-11.4|-11.8|-2.1|-1.4|0.8|11.0|29|39|-15.61|-11.69|25|-19|4.0|-28.2|58|00|0.56|2.38|ka]XWJL801SJDCDH\hmcY[XkZN
ESCORTS|ESCORTS|Escorts Kubota Limited|499|2820.9|5.8|-1.2|-5.3|-5.3|-7.8|-20.3|-0.6|-5.0|-10.7|-1.1|-2.7|-6.0|47|42|-1.31|-1.69|30|-8|2.9|-29.3|11|00|0.87|1.73|[ed]gamdZ[T@5OI<028<;BC;33
ASIANPAINT|ASIANPAINT|Asian Paints Limited|499|2366.0|-1.7|-3.2|-6.9|-13.4|3.7|0.5|-3.1|-8.5|-7.5|-1.9|-1.6|1.0|31|40|0.59|1.08|44|-25|1.9|-20.8|12|00|0.74|0.94|>JRem^_]BB;50KFRT\VUZ]UJE?
VEDL|VEDL|Vedanta Limited|499|255.05|1.2|-4.2|-5.7|-7.3|-64.6|-45.8|-3.0|-5.1|-44.6|-0.1|-5.4|-41.6|41|48|-3.04|1.95|16|-12|2.7|-67.9|3|00|0.69|0.98|JJNNPV[c`bgecm59:632133210
DATAPATTNS|DATAPATTNS|Data Patterns (India) Limited|499|4226.5|-0.6|-4.4|-7.9|-3.9|28.8|48.7|-6.0|-6.6|12.0|0.2|4.7|19.9|39|44|-7.78|-7.24|20|-13|4.0|-15.5|98|00|0.82|1.06|893@;03119CF?J[RTdf`iemig_
POLYCAB|POLYCAB|Polycab India Limited|499|8080.0|1.1|-3.9|-8.3|-14.1|6.3|6.1|-2.1|-7.7|-4.0|-1.9|1.1|4.0|36|44|-0.20|4.38|32|-20|1.9|-20.2|21|00|1.10|0.69|???@:5C53@S60LO`ghmc]b^MOI
VIKRAMSOLR|VIKRAMSOLR|Vikram Solar Limited|278|152.52|-1.2|-4.9|-11.1|-16.9|-20.4|-53.4|-6.3|-9.3|-22.4|-3.5|-4.5|-14.5|28|38|-4.48|-1.29|13|-13|2.5|-57.0|1|00|0.40|1.17|imfaQKMK@H5;;HG@?D;>:16440
LAURUSLABS|LAURUSLABS|Laurus Labs Limited|499|1971.4|-0.6|-1.8|5.5|33.4|82.1|128.4|0.1|4.4|44.1|4.8|7.6|38.1|56|63|-4.10|1.20|18|3|2.5|-4.1|134|11|0.62|0.97|036788=;58;69>@ILLRU]dbfmk
ICICIBANK|ICICIBANK|ICICI Bank Limited|499|1332.0|1.6|0.4|-6.9|-5.8|1.7|-2.3|-1.3|-4.7|-1.6|-1.5|-0.2|3.3|42|29|-0.89|-3.66|35|-9|1.7|-10.0|12|00|0.96|0.69|Z\L\]UUdTdZC0U?96N^cmiehRO
TCS|TCS|Tata Consultancy Services Limited|499|2114.4|1.9|1.6|-8.9|0.9|-17.4|-29.2|-1.4|-7.0|-15.2|-1.2|-4.0|-8.9|43|32|-0.79|-6.72|23|-7|3.1|-36.9|7|00|1.00|0.81|]__fjmkigOK?BIA::304:A:921
TECHM|TECHM|Tech Mahindra Limited|499|1535.9|0.2|-0.8|-3.9|6.1|5.8|6.7|-0.5|-3.4|1.3|0.0|0.0|4.8|45|45|-0.68|-0.45|10|-2|2.6|-17.2|18|00|0.80|1.11|?A;BSZ[dmK10@JE>P=?JU`WSSO
TITAGARH|TITAGARH|Titagarh Rail Systems Limited|499|809.65|0.6|-1.6|-4.1|-4.9|14.3|-9.9|-3.1|-3.3|1.4|-0.6|0.4|4.8|41|45|-3.59|-2.87|13|-5|3.2|-16.6|42|10|1.10|1.33|md_aROfURK;30GNKT`c^W\\g\V
SUZLON|SUZLON|Suzlon Energy Limited|499|38.92|0.0|-4.6|-15.4|-28.4|-12.0|-28.1|-8.0|-14.3|-20.8|-5.0|-2.2|-7.6|19|24|-5.91|-4.15|47|-30|3.1|-36.7|2|00|0.94|0.40|\]mdSV]LHE675X_Z\afZZIHD=0
KPITTECH|KPITTECH|KPIT Technologies Limited|499|489.5|-0.5|-5.8|-16.1|-13.0|-32.1|-57.7|-8.4|-15.0|-35.1|-1.6|-8.3|-23.7|26|30|-7.00|-6.03|31|-23|3.5|-61.9|1|00|0.58|1.37|eddgmdegXOE=@CFAGEA77;7640
MARUTI|MARUTI|Maruti Suzuki India Limited|499|11532.0|1.3|-4.4|-10.3|-20.7|-15.2|-27.9|-5.3|-12.0|-17.0|-2.5|-2.8|-5.7|27|30|-2.36|-0.27|56|-32|2.1|-33.6|2|00|1.03|0.76|cg\`bfmaPXP@<FGA@JEHIMG>70
SBIN|SBIN|State Bank of India|499|958.0|0.4|-2.5|-6.4|-7.7|-9.7|9.6|-2.7|-6.3|-8.1|-1.1|0.2|-1.9|34|40|-2.09|-0.56|38|-22|1.8|-22.4|12|00|0.93|1.08|08AE?DHPMmjTK[T=@LNOLUOIGA
DIVISLAB|DIVISLAB|Divi's Laboratories Limited|498|9196.0|-0.6|-4.4|-0.6|35.8|57.2|56.8|-2.1|3.5|30.0|5.2|4.4|25.7|49|67|-7.61|-2.05|38|-2|2.2|-5.6|63|11|0.96|1.71|0=A;;89946:417=A<=<CKZ]kmi
ALPEXSOLAR|ALPEXSOLAR|Alpex Solar Limited|496|823.2|-2.8|-2.8|-5.0|1.9|-6.0|-28.9|-7.4|-3.5|-5.2|0.4|-2.1|-1.8|39|43|-10.72|-11.19|22|-17|4.0|-37.6|25|11|0.95|0.85|gegm^A;36B105Q[MPKH:>:;DG<
NH|NH|Narayana Hrudayalaya Limited|499|1722.4|-1.1|-7.5|-8.5|-14.0|0.3|-3.7|-7.4|-8.6|-7.1|-1.9|-0.4|1.6|32|46|-9.85|-0.10|20|-18|3.4|-17.7|8|00|0.73|0.62|FFLh\NZYDNG50IHRXSXkmNQYW>
M&M|M&M|Mahindra & Mahindra Limited|499|2857.6|-0.1|-5.8|-9.3|-10.6|-11.0|-17.7|-6.0|-11.6|-12.5|-1.1|-1.9|-1.0|23|35|-4.49|-1.86|56|-33|2.3|-25.6|2|00|0.98|0.81|Yaage_mdWZOB:H@?7B?DI[TD=0
RELIANCE|RELIANCE|Reliance Industries Limited|499|1186.4|1.6|-3.2|-8.9|-9.3|-12.0|-13.7|-4.0|-7.2|-12.6|-1.3|-2.2|-5.9|35|37|-4.67|-2.79|42|-27|1.7|-26.4|2|00|1.05|0.79|NZ_gdfmYOVJPIKZFDBAA>ECB90
GLENMARK|GLENMARK|Glenmark Pharmaceuticals Limited|499|2295.0|-1.5|-3.6|-6.7|1.3|5.6|16.4|-4.7|-2.8|3.8|1.2|2.2|6.8|40|46|-8.27|-3.74|22|-13|3.1|-9.6|28|01|1.02|0.95|>406@>HB:ENPKXgbUQT_UZgmm^
BPCL|BPCL|Bharat Petroleum Corporation Limited|499|296.95|-1.2|-3.7|-7.2|-5.4|-0.4|-13.6|-2.9|-5.1|-8.1|-0.4|-1.7|-3.1|38|47|-3.15|1.55|29|-18|2.5|-24.2|11|00|0.90|1.02|VTec^bmbdii=0F>2;C=AFHDED;
NTPC|NTPC|NTPC Limited|499|321.8|2.1|-1.5|-2.8|-9.1|-14.0|-5.1|-1.7|-3.8|-10.2|-1.4|0.1|-6.7|41|40|-1.32|0.21|37|-18|1.8|-22.3|3|00|0.87|0.91|?B6630IEHV\aOkmd]FLIH@@:62
DIXON|DIXON|Dixon Technologies (India) Limited|499|12748.0|0.4|-4.8|-11.7|-3.7|19.9|-25.2|-4.5|-8.5|5.4|-1.1|-0.6|15.2|35|44|-3.36|-2.69|35|-16|3.0|-27.2|33|00|0.93|0.73|md[]PLC73?230;<7=A@NPSWTMH
HINDCOPPER|HINDCOPPER|Hindustan Copper Limited|499|478.65|3.6|-3.2|-7.7|-3.4|-9.0|41.6|-4.0|-7.4|-9.5|-0.0|2.9|-2.3|41|42|-5.94|-2.74|19|-16|3.2|-37.0|55|00|0.68|1.12|25019>^cmefTUb^g^YUUR[eXVQ
ASHOKLEY|ASHOKLEY|Ashok Leyland Limited|499|152.6|1.4|-4.1|-9.9|-7.0|-11.5|10.8|-4.7|-8.7|-11.0|0.3|0.1|-2.6|36|41|-5.45|-3.65|31|-25|2.7|-29.2|14|00|0.75|1.03|3048DN\XajmQ:QE<;BBC@POLE>
JSWSTEEL|JSWSTEEL|JSW Steel Limited|499|1235.3|0.2|-3.3|-5.6|-0.9|3.4|6.5|-2.7|-3.9|-0.4|0.3|1.1|3.7|40|49|-3.09|-0.34|17|-10|2.1|-8.6|15|00|0.90|1.18|CBFFA0IJMY^E?`^dfeUWXgmg^V
CHAMBLFERT|CHAMBLFERT|Chambal Fertilisers and Chemicals Limited|499|397.6|-0.4|-4.9|-4.9|-14.3|-14.5|-23.1|-4.1|-7.0|-10.8|-1.5|-0.5|-4.1|25|44|-2.51|3.65|26|-22|2.1|-23.4|1|00|0.86|0.66|ma_PCG\GBKKANMHPWYYPGMB;;0
EIDPARRY|EIDPARRY|E.I.D.- Parry (India) Limited|498|691.95|2.6|-1.8|-11.1|-7.8|-15.7|-33.6|-2.8|-8.8|-15.6|-1.9|-3.7|-7.4|37|36|-0.53|-4.36|28|-10|2.6|-38.1|3|00|0.54|0.99|mjmjkgh[XUN@ENL?864@>AG?20
HEROMOTOCO|HEROMOTOCO|Hero MotoCorp Limited|499|5089.5|-1.5|-5.0|-4.1|1.9|-3.7|-8.8|-3.5|-6.6|-4.4|1.2|-1.5|2.4|37|50|-3.04|2.19|22|-17|2.6|-20.3|9|00|0.79|1.24|PQD_mU]QPKOF8C:60806<ZSBH;
NELCO|NELCO|Nelco Limited|499|885.1|-0.5|-9.4|-5.2|-3.2|39.6|-1.9|-7.1|-7.6|15.1|1.1|1.9|24.6|39|52|-12.40|5.20|17|-10|5.0|-21.0|77|01|0.75|1.29|[[VXUEG@::640?B=AE]_cm`cj\
PERSISTENT|PERSISTENT|Persistent Systems Limited|499|5530.0|3.0|2.9|-2.2|13.2|2.9|6.6|2.2|0.4|3.4|0.7|-1.7|2.9|55|45|0.27|-5.65|14|5|2.9|-16.2|30|00|0.82|1.63|L[\jmihlcT;7JM>BOA0IKQXSQS
AXISBANK|AXISBANK|Axis Bank Limited|499|1222.2|0.4|-0.0|-3.5|-8.9|-8.3|0.8|-1.0|-1.5|-4.9|-0.9|-0.3|-3.4|46|45|-1.10|-2.82|28|-10|2.2|-13.8|6|00|0.98|1.07|0A>PO>JSYhm>4gMAMlh\=D@JE<
JIOFIN|JIOFIN|Jio Financial Services Limited|499|212.0|-0.2|-6.6|-10.7|-12.8|-14.1|-30.8|-6.3|-11.3|-14.5|-1.2|-2.9|-3.6|22|37|-6.31|0.98|36|-33|2.2|-33.1|2|00|0.84|0.90|lmekgagYDOG@;?I=>A?B?JB>;0
GULPOLY|GULPOLY|Gulshan Polyols Limited|498|160.84|-0.6|-5.6|-13.7|-15.7|-6.8|7.9|-6.1|-13.0|-6.6|-1.8|2.0|7.3|27|36|-3.26|-0.82|30|-18|3.4|-29.3|32|00|0.31|0.42|?:F>:6:;0HDDAU[\Xm^_ce`XOI
BDL|BDL|Bharat Dynamics Limited|499|1096.2|0.8|-3.8|-12.8|-21.5|-15.1|-29.7|-5.5|-12.2|-16.7|-2.1|-2.3|-5.1|32|32|-3.49|-2.08|34|-22|3.3|-32.9|2|00|0.76|1.08|ik]miQehNEGK<TUL>?PKELTC:0
ADANIPOWER|ADANIPOWER|Adani Power Limited|499|201.0|2.4|-0.9|-3.5|-7.8|18.7|32.2|-1.8|-2.7|6.3|-1.5|3.2|9.2|47|45|-2.45|-2.29|20|-13|3.2|-20.9|57|00|0.97|1.15|;G<;5485052=@Yjemfjbb_[\]Y
OIL|OIL|Oil India Limited|499|446.5|0.6|-6.0|-8.9|5.5|-2.7|6.5|-6.2|-5.2|-3.3|0.9|1.4|2.0|34|48|-11.00|-6.46|23|-19|2.5|-15.9|13|10|0.85|1.35|=4CE50AL`UcZ^Y[m`:7BHO\b]K
RCF|RCF|Rashtriya Chemicals and Fertilizers Limited|499|106.69|-0.1|-1.7|-6.8|-18.5|-15.0|-28.3|-2.9|-9.1|-15.7|-3.2|-2.4|-7.2|34|33|2.44|1.58|16|-4|2.6|-32.1|1|00|0.76|1.17|lmilY\m[YTE?<RRFJPQSLMB:30
EXIDEIND|EXIDEIND|Exide Industries Limited|499|405.25|-1.0|-4.3|-4.2|-2.2|29.0|1.3|-3.1|-7.9|7.5|-0.6|1.2|16.8|37|45|-2.08|3.98|20|-9|3.1|-18.4|41|00|0.56|1.17|RQJKKDF?7>810:D>NOMYZmbY\S
AMBUJACEM|AMBUJACEM|Ambuja Cements Limited|499|366.5|1.2|-4.5|-9.5|-15.9|-18.0|-36.1|-4.7|-9.7|-19.2|-2.6|-3.4|-10.5|34|36|-3.63|1.10|36|-27|2.6|-37.7|3|00|0.67|0.72|mljicclh[_UD@KHCECADCC=:70
ABB|ABB|ABB India Limited|499|6895.0|-0.1|-2.2|-7.2|-1.2|5.0|32.1|-3.1|-6.3|4.5|-1.0|3.0|11.6|39|38|-3.85|-2.46|30|-18|2.7|-13.0|49|00|0.78|1.12|88867570=FHPLbdR_]bZfmjhe\
HDFCBANK|HDFCBANK|HDFC Bank Limited|499|704.8|-2.3|-4.2|-0.3|-15.0|-13.6|-27.6|-1.8|-2.6|-13.0|-1.6|-3.4|-10.7|43|56|-1.01|6.26|18|6|2.3|-30.9|3|10|1.05|0.64|hmhmkgl]]\SL9B?=8?CG755170
OLAELEC|OLAELEC|Ola Electric Mobility Limited|499|36.68|-1.1|-4.7|-2.1|-13.5|21.2|-30.3|-3.6|-4.7|1.7|-0.3|0.0|6.7|44|49|-4.57|8.91|20|5|5.6|-36.7|65|10|1.38|1.44|lmaVJ@SLA;10:PJGQZRRLPLMLK
FACT|FACT|The Fertilisers and Chemicals Travancore Limited|499|731.75|-0.4|-5.9|-8.6|-15.3|-10.5|-18.6|-5.3|-8.6|-12.4|-1.5|-1.0|-4.1|32|44|-4.60|2.67|16|-10|3.3|-30.9|12|00|0.23|5.90|iiflW[mVEH0OChl`ala]RVGJL6
NIACL|NIACL|The New India Assurance Company Limited|499|158.36|-1.2|-10.3|-18.9|-14.4|21.0|-17.9|-15.2|-14.0|-3.1|-0.2|1.2|12.6|32|41|-25.29|-18.25|23|-17|5.6|-34.7|35|10|1.16|2.43|WTROGDC?=@;60HFFCEQQHPRmTD
TMPV|TMPV|Tata Motors Passenger Vehicles Limited|499|288.65|3.3|-0.6|-7.5|-15.7|-13.8|-59.5|-2.9|-8.7|-16.2|-2.6|-1.6|-8.2|39|31|-2.60|-0.64|24|-8|3.4|-59.5|6|00|1.15|0.53|mAB;:9<:;=<52:8:>@88694320
NFL|NFL|National Fertilizers Limited|499|63.28|-0.9|-5.1|-10.0|-15.0|-14.3|-33.0|-5.7|-9.1|-15.9|-1.8|-2.4|-7.5|23|33|-4.42|-1.25|24|-22|2.3|-35.6|1|00|0.74|1.42|lmjcX[gVOSC;<IMDFHFD?B?>70
INDUSINDBK|INDUSINDBK|IndusInd Bank Limited|499|886.6|-0.0|-2.8|-11.8|-13.3|6.1|19.9|-6.4|-10.0|-4.2|-2.1|1.1|6.5|31|29|-7.34|-6.69|31|-23|2.5|-17.7|22|00|1.33|0.72|028BICR]SXZ@7GTOQXTjhmkg]N
BAJAJ-AUTO|BAJAJ-AUTO|Bajaj Auto Limited|499|10024.0|-0.2|-11.1|-15.9|-0.8|7.0|14.0|-11.3|-13.3|-2.1|0.6|2.3|12.9|21|40|-16.32|-7.11|43|-41|2.5|-19.6|16|00|1.01|0.79|480572???CE81ELMQHBQakmmfJ
DHANUKA|DHANUKA|Dhanuka Agritech Limited|497|907.4|-3.0|-5.9|-10.2|-15.4|-9.8|-41.0|-6.1|-8.3|-13.7|-1.4|-2.4|-5.9|30|42|-5.65|-0.09|34|-22|3.0|-42.2|2|00|0.68|1.55|maWPQLKBEE;74:CBAA?=9;9;70
HINDUNILVR|HINDUNILVR|Hindustan Unilever Limited|499|1838.4|0.1|-5.4|-6.3|-16.8|-14.3|-27.7|-4.4|-8.1|-15.7|-2.3|-2.0|-8.3|30|42|-3.54|2.45|36|-24|1.8|-31.1|1|00|0.81|0.48|gm``cSYZZWWJBPVRDJIHKD@:90
GODREJIND|GODREJIND|Godrej Industries Limited|499|1040.2|2.0|-5.9|-9.9|-14.2|18.0|-7.7|-5.6|-12.1|-3.2|-4.5|0.7|10.2|31|38|-4.32|1.76|27|-18|3.6|-27.9|40|00|0.80|1.23|OOLHCDEEB@?01:?TMKTmhcWTNG
GROWW|GROWW|Billionbrains Garage Ventures Limited|226|187.05|3.9|-0.0|-1.7|-3.1|3.3||-1.7|-3.0|1.3|-2.0|2.1|4.4|46|40|-3.26|-3.96|23|-14|3.1|-17.7|67|00|0.82|0.99|0D>D@FLLEAERkmSTY^Za[]\[XVV
TITAN|TITAN|Titan Company Limited|499|4580.0|1.4|-6.2|-8.9|-0.5|1.9|33.7|-5.6|-7.5|3.6|0.5|2.3|12.1|32|45|-8.92|-3.56|36|-28|2.2|-11.7|34|00|0.84|1.09|0;=B>BGLDLOIIXRKFPO[`mmjeZ
TATAPOWER|TATAPOWER|The Tata Power Company Limited|499|351.5|0.4|-4.4|-3.9|-6.8|-11.0|-11.1|-3.4|-4.9|-9.0|-0.9|-0.5|-4.4|37|50|-3.69|2.12|21|-8|2.3|-24.4|3|00|0.82|0.48|LPKIF@L:5E;QGhmT^THBBE?:;0
MAZDOCK|MAZDOCK|Mazagon Dock Shipbuilders Limited|499|2074.0|0.5|-5.7|-16.2|-17.8|-13.4|-28.2|-7.6|-13.4|-14.7|-1.6|-1.4|-1.6|26|29|-6.80|-6.91|44|-30|3.0|-29.2|2|00|0.78|1.25|mjZi[FPLKF:F>ZYLJLLICVSM<0
WIPRO|WIPRO|Wipro Limited|499|162.14|1.8|-1.1|-7.7|-6.3|-20.3|-33.0|-1.9|-7.5|-18.9|-1.6|-4.3|-12.3|39|34|-1.01|-1.60|24|-9|2.3|-40.6|3|00|1.33|0.90|^]\`fjml^MEACGFAI;899=;610
ETERNAL|ETERNAL|Eternal Limited|499|320.8|2.2|-4.2|-1.2|10.9|31.7|-4.3|-1.6|-0.2|16.0|2.8|1.1|16.2|47|61|-6.47|2.82|18|-11|2.9|-12.9|51|11|0.67|1.78|mmZ[UNNPGO620=<69<@OU]gclc
TATATECH|TATATECH|Tata Technologies Limited|499|697.55|-0.2|-0.8|-13.4|-4.0|24.3|-1.9|-5.3|-10.4|2.8|-0.8|1.1|14.8|34|29|-4.40|-10.47|15|-5|3.5|-21.7|37|00|0.55|1.82|PLJKJDGFE<:039;BQ[QYPm_]RN
APOLLOHOSP|APOLLOHOSP|Apollo Hospitals Enterprise Limited|499|7985.0|-1.8|-10.2|-8.1|-9.6|7.9|4.2|-8.6|-9.1|-0.8|-0.5|1.9|9.1|27|52|-12.20|1.62|22|-28|2.6|-12.0|19|10|1.18|0.59|HQJ?906:0EKB<GIRT_eikmghmQ
BAJFINANCE|BAJFINANCE|Bajaj Finance Limited|499|970.0|2.3|-2.7|-7.5|-7.0|6.0|-3.9|-4.1|-8.3|-0.6|-0.9|-0.1|8.3|39|40|-5.33|-3.41|35|-13|2.9|-17.5|23|00|0.92|0.92|Zj`]]VTKAYR90DKE>JR[amgd[P
TATAELXSI|TATAELXSI|Tata Elxsi Limited|499|3105.0|0.4|-2.6|-13.3|-16.2|-30.0|-42.4|-5.6|-11.9|-27.0|-2.0|-4.1|-17.2|26|26|-3.47|-6.07|33|-21|2.8|-47.8|2|00|1.01|1.34|hgdgd_fmiZQHLRJJMGEB;A>:40
INFY|INFY|Infosys Limited|499|1020.5|-1.4|2.0|-9.7|-4.8|-24.2|-30.9|-1.6|-7.4|-18.5|-1.0|-4.1|-12.1|42|30|0.73|-5.19|22|-3|2.8|-40.9|4|00|0.94|0.95|XYY_eghmgOHCJK=;A:175?:620
PIIND|PIIND|PI Industries Limited|499|2220.0|-0.7|-7.5|-8.3|-16.3|-22.8|-38.8|-4.7|-10.6|-22.1|-2.5|-3.5|-12.8|34|49|-1.26|8.73|24|-17|2.9|-42.1|1|00|0.99|0.73|fdma_XYZSQSKGQQSCH>>EE:840
MEESHO|MEESHO|Meesho Limited|206|226.5|3.6|4.3|8.0|19.0|48.3||3.0|10.1|25.2|3.8||13.7|57|52|-2.61|2.66|27|10|5.0|-11.0|80|11|1.36|1.68|F\MBB;=<08CLgUVCCWTUOU^bcgm
CESC|CESC|CESC Limited|499|133.73|1.6|-4.4|-9.6|-19.8|-14.3|-19.6|-5.3|-11.9|-17.4|-3.3|-1.8|-6.3|27|30|-3.17|1.30|28|-19|2.4|-34.6|3|00|1.16|0.70|K\WRXNWE9CCEB[mXZQMJKMD;90
KEC|KEC|KEC International Limited|499|370.55|-0.5|-6.7|-8.8|-25.7|-34.7|-56.8|-6.4|-12.8|-31.0|-4.5|-5.3|-20.9|29|40|-3.39|3.94|44|-21|3.3|-58.5|1|00|1.01|0.90|mldY[Y_WNMHEDGJ?@BB@<=8440
COROMANDEL|COROMANDEL|Coromandel International Limited|499|1801.4|2.1|-8.3|-6.7|-13.2|-14.9|-23.4|-5.9|-8.9|-12.3|-1.6|-1.9|-3.7|35|50|-9.35|2.86|20|-14|3.3|-27.9|6|00|1.13|0.81|i]Yfkehmai]M:QH60G>OIS@EA2
DLINKINDIA|DLINKINDIA|D-Link (India) Limited|499|411.75|1.3|-2.2|-9.0|-22.8|-1.6|-14.7|-3.1|-5.2|-6.4|-1.8|-0.2|-1.2|37|40|-2.73|-1.64|24|-18|2.7|-25.0|12|00|0.38|2.04|ZPDIH8B3?5603NJTRhm_JEKJ@9
WAAREEENER|WAAREEENER|Waaree Energies Limited|484|2346.5|0.3|-6.0|-9.0|-17.4|-24.9|-31.8|-6.1|-9.8|-18.6|-2.6|-1.9|-9.8|29|40|-6.00|-0.88|43|-28|2.6|-36.9|2|00|0.89|0.50|gme_QLK;GX@LVlYRWULLECA=80
SPELS|SPELS|SPEL Semiconductor Limited|35|118.65|-5.0|-5.0|-20.6||||-11.6||||||15|20|-10.01|-12.51|43|-46|1.2|-24.4|0|00||0.73|gdjed[^mkdigghecaaaaTTTTGGGGG;;;;;00
WEL|WEL|Wonder Electricals Limited|498|73.3|2.2|-1.8|-3.5|-29.5|-5.7|-43.6|0.1|-28.7|-35.9|-5.0|-8.1|-10.1|38|38|22.26|20.55|15|-3|4.6|-60.1|8|00|0.16|0.33|P\]ima^ZVYXU4<CA;;>ADQX220
DCMSHRIRAM|DCMSHRIRAM|DCM Shriram Limited|498|1044.55|15.2|7.2|2.5|0.1|-6.8|-12.7|6.6|3.3|-3.9|-1.2|-2.2|-7.0|62|34|0.80|-2.09|26|17|3.3|-25.9|18|00|0.68|2.23|\hiYccmVVN6AP^iI<>9;:7D60=
TATACHEM|TATACHEM|Tata Chemicals Limited|499|617.4|1.6|-4.1|-3.7|-14.1|-4.7|-33.4|-5.2|-5.6|-12.3|-1.6|-1.8|-7.1|42|46|-12.21|-0.68|22|7|7.6|-34.6|6|10|1.98|0.54|mkcYQKLLF@C88BVGHHGDA;30@1
UPL|UPL|UPL Limited|499|502.5|-2.8|-8.6|-14.2|-16.4|-21.5|-26.2|-9.6|-11.9|-21.5|-2.2|-3.0|-10.9|25|40|-10.04|-3.15|21|-29|3.0|-38.1|1|00|1.04|0.72|TT_ccamjX_HGBOLKMG=BE=>><0
HINDPETRO|HINDPETRO|Hindustan Petroleum Corporation Limited|499|342.35|-0.8|-2.5|-5.3|-15.7|-6.0|-25.0|-2.5|-6.9|-13.5|-2.3|-2.6|-7.1|37|40|0.05|3.58|34|-19|2.5|-32.7|8|00|0.77|1.09|^^eg\bm_^]S70CA<FKGHHHA;;6
EBGNG|EBGNG|GNG Electronics Limited|295|695.45|-1.3|4.0|11.8|11.8|84.8|96.8|2.6|12.5|51.9|4.1|8.6|35.0|59|54|-2.68|-2.17|26|8|5.4|-4.7|191|11|1.07|1.58|<:=995840;?A@FKGHK[a^Z`blm
COALINDIA|COALINDIA|Coal India Limited|499|425.1|1.1|-0.2|1.2|-0.9|-5.4|11.3|0.5|2.4|-2.1|-0.3|1.0|-4.4|55|56|0.10|1.22|20|10|1.9|-13.5|15|11|0.87|1.85|7:0437OQMLNc\WmciXYQOFCJHN
MCX|MCX|Multi Commodity Exchange of India Limited|499|3181.7|-0.7|-4.3|0.4|20.4|22.5|94.2|-2.9|2.6|14.9|3.2|4.8|11.9|47|56|-7.38|-1.74|18|-3|3.7|-8.6|96|11|0.80|1.48|077<>>EMHIOUM\]m]]]YXXjlhg
APLAPOLLO|APLAPOLLO|APL Apollo Tubes Limited|499|2099.8|-0.8|-5.2|-2.8|15.4|2.5|20.5|-3.4|-0.2|5.5|3.6|2.3|5.8|43|57|-7.15|-2.81|22|-10|3.1|-8.8|24|01|0.86|1.12|248069JK\lmNFcBC8>8=@Tdlh^
KROSS|KROSS|Kross Limited|499|253.6|-1.9|-5.3|20.0|41.8|37.5|26.5|3.2|14.5|27.0|6.3|4.1|10.9|58|70|-2.15|16.61|33|8|5.8|-10.4|68|11|1.84|2.51|F?;44:LHIWE>0FA?B?A@CMOOmk
ASTRAMICRO|ASTRAMICRO|Astra Microwave Products Limited|499|1651.7|1.7|1.8|-0.8|-7.3|63.9|47.5|0.3|-2.7|26.2|-1.4|5.9|29.7|50|45|2.51|-2.53|15|4|3.3|-15.7|94|00|0.72|1.08|@?:8006441765<?>MVhhmidgcc
IRCTC|IRCTC|Indian Railway Catering & Tourism Corporation Limited|499|452.8|-0.3|-1.3|-4.6|-9.6|-15.6|-36.2|-2.1|-6.1|-16.7|-1.7|-3.8|-11.3|35|37|-0.05|1.28|28|-10|2.4|-38.5|1|00|0.89|0.43|mmjjcahXTUKA>JHB>?<;9@7540
CASTROLIND|CASTROLIND|Castrol India Limited|499|199.51|0.2|-1.1|7.0|8.2|11.3|-1.7|2.9|5.0|7.3|1.4|0.3|2.2|64|71|2.98|5.04|37|10|2.1|-3.7|17|11|1.20|1.76|mhOPQ>RBBEDE0;D;?CB>@WFLWf
HINDZINC|HINDZINC|Hindustan Zinc Limited|499|560.95|1.1|-4.8|-4.6|5.6|0.3|14.1|-3.3|-3.1|-4.6|1.7|1.3|-1.5|42|52|-6.66|-0.71|17|-13|2.5|-23.5|24|00|0.74|1.23|8602;]jmc]fLA\amiSEGF^a\]R
AEL|AEL@B|Amba Enterprises Limited|495|117.0|-1.6|-1.9|10.1|0.0|-8.5|-25.3|-0.4|3.3|-7.9|0.9|-3.9|-10.9|52|57|-1.03|1.58|20|3|4.8|-34.3|24|11|1.35|1.21|`bfkmjd_WXPB0PJG=9H@=<;@C@
CONCOR|CONCOR|Container Corporation of India Limited|499|441.45|-0.1|-4.3|-13.2|-6.6|-6.8|-17.0|-7.6|-11.8|-10.3|-1.1|-0.6|1.7|29|33|-9.43|-9.50|35|-24|3.1|-20.7|5|00|0.65|1.48|lmda_Vld\YJ80XbX@=D@^XbZO1
ITC|ITC|ITC Limited|499|268.9|5.1|-0.0|2.2|-6.9|-11.1|-32.9|1.9|-0.7|-10.7|-1.0|-4.4|-10.0|53|53|1.63|5.62|24|-4|2.1|-36.9|6|00|0.89|0.80|hmkjihSKEFEA<ACC7:;7983012
FISCHER|FISCHER|Fischer Medical Ventures Limited|310|32.8|-2.0|-4.3|-11.4|-12.6|-19.7|-68.6|-4.0|-9.3|-13.0|-2.8|-2.9|-4.0|37|45|0.40|1.40|15|0|5.9|-73.0|6|00|0.78|1.21|mli9=984384277523355463300
AETHER|AETHER|Aether Industries Limited|499|1661.0|-0.5|-6.0|0.4|24.9|46.4|120.0|0.2|2.1|33.9|2.9|6.7|31.1|51|69|-0.44|2.57|23|3|3.7|-7.6|128|10|0.91|2.23|010:86=@C><AGMQHHKW_ahmjkm
BHEL|BHEL|Bharat Heavy Electricals Limited|499|429.0|1.9|2.4|-0.6|14.0|61.5|74.9|1.3|2.1|22.8|0.2|4.2|20.2|54|47|-1.26|-3.69|16|2|3.0|-3.9|87|01|0.90|1.15|308@=<D979874L\ad]gfhffiml
PRAJIND|PRAJIND|Praj Industries Limited|499|304.05|0.3|-3.8|-11.0|-15.8|-11.2|-12.4|-4.3|-6.7|-9.3|-1.8|-0.1|-2.8|33|40|-3.98|-2.79|28|-14|2.4|-28.9|11|00|0.46|1.77|SOIM@KE>0:;;ISmWKJOTAFRJ?;
NESTLEIND|NESTLEIND|Nestlé India Limited|499|1297.1|-0.8|-4.8|-8.4|-11.9|6.9|9.8|-4.9|-9.6|-5.0|-1.3|0.9|5.1|29|39|-3.87|-0.26|39|-24|2.2|-16.5|12|00|0.70|0.84|0C?B;:BHGDB53Ca\URT[_mcVTE
CDSL|CDSL|Central Depository Services (India) Limited|499|1250.0|0.6|-5.2|-10.3|-8.1|-2.9|-18.0|-6.1|-7.3|-5.3|-1.3|-1.7|2.1|34|42|-9.28|-4.23|24|-24|2.9|-25.3|12|00|0.95|1.05|ch_m_YVQ7G620I704;?SCDKOH9
DREAMFOLKS|DREAMFOLKS|Dreamfolks Services Limited|498|60.5|-1.6|-4.4|-8.8|-12.5|-15.5|-43.6|-5.9|-8.9|-22.4|-1.7|-6.3|-14.8|30|38|-5.40|-3.62|10|-1|3.8|-62.2|8|00|0.94|0.91|Vmkdb\YTLIC96FA><;58697530
HDFCLIFE|HDFCLIFE|HDFC Life Insurance Company Limited|499|531.0|-0.6|0.0|-0.5|-7.2|-11.2|-30.4|-0.8|-1.8|-14.0|-0.9|-3.6|-12.5|47|45|-1.92|1.46|21|-8|3.3|-32.7|4|10|1.25|0.82|khfmmlkea^_M9E?D?=>;626170
MARICO|MARICO|Marico Limited|499|790.0|1.1|-3.5|-4.5|-6.8|5.7|10.4|-2.2|-5.4|-1.2|-1.0|1.0|4.4|39|48|-2.76|3.94|37|-13|2.4|-11.1|12|00|0.96|0.75|14091<BC4HKADCMaVWcfkmfV]O
PIDILITIND|PIDILITIND|Pidilite Industries Limited|499|1487.7|1.6|-1.9|-9.2|-8.3|9.8|-0.1|-3.3|-7.5|-0.8|-0.7|0.5|7.2|36|35|-4.82|-2.44|37|-23|2.4|-12.9|18|00|0.73|1.08|MVIPOJNNEPL<0A=JK\`^bmi]\P
NRBBEARING|NRBBEARING|NRB Bearings Limited|498|535.7|-1.3|0.2|18.8|23.7|125.5|82.4|4.0|11.5|50.1|5.5|6.8|34.5|60|63|1.79|6.58|29|11|5.0|-4.3|152|11|1.50|3.26|:68;;:7449730<;HIWWVUabblm
HAL|HAL|Hindustan Aeronautics Limited|499|4680.0|1.7|-2.5|-1.8|6.4|19.8|-3.4|-2.4|-3.0|6.0|0.9|0.8|9.2|45|48|-4.65|-2.39|21|-18|2.5|-9.1|35|00|0.89|1.40|ij]cXLTTPJ=>0P[OLMPY^mliha
SADHAV|SADHAV|Sadhav Shipping Limited|496|117.15|-0.4|11.6|5.3|2.0|6.8|4.0|6.3|3.1|6.0|-1.1|0.9|2.9|61|35|10.00|-4.76|24|6|3.6|-9.1|36|10|1.06|1.06|LFLA;40??EW30TdP`maaa`\RId
BELRISE|BELRISE|Belrise Industries Limited|341|231.12|-2.7|-6.8|-2.9|0.5|19.0|43.3|-2.1|-2.6|9.6|0.9|3.7|12.5|43|63|-1.59|9.77|16|-3|3.4|-13.8|62|00|0.78|1.70|710994E=<EGAI[WRWdfcam_`g`
ICICIPRULI|ICICIPRULI|ICICI Life Insurance Limited|499|454.9|1.5|-1.7|-8.1|-6.8|-16.0|-24.2|-2.9|-7.5|-17.3|-1.7|-2.8|-10.6|39|38|-4.79|-0.67|26|-17|3.3|-35.6|3|00|1.08|0.79|YVY]\dmmccfV=LFA999B?<?4:0
IEX|IEX|Indian Energy Exchange Limited|499|104.3|-1.6|-7.5|-12.5|-14.8|-19.4|-26.8|-7.2|-13.2|-16.6|-2.0|-2.4|-4.0|24|37|-5.78|-0.12|38|-29|2.3|-34.9|0|00|0.82|0.61|da_fmbZaJMHFEMPKMJMDOOJB=0
MFSL|MFSL|Max Financial Services Limited|499|1348.0|-3.2|-7.5|-12.3|-16.2|-15.0|-16.0|-8.5|-10.9|-16.6|-1.4|-1.4|-6.4|34|43|-11.50|-2.54|27|-24|4.6|-28.8|1|00|1.41|0.72|MHMZZYWUTmhU>ZPORSOSDDKEK0
CAMS|CAMS|Computer Age Management Services Limited|499|683.85|1.0|-3.3|-8.5|-11.9|-3.0|-10.6|-3.0|-8.3|-7.6|-1.9|-0.9|0.8|38|40|-2.49|1.27|26|-11|2.5|-19.1|12|00|0.91|1.15|^`Ymi[\RFU70:ZSbadhggh[UIB
POLICYBZR|POLICYBZR|PB Fintech Limited|498|976.2|-0.4|-16.3|-47.8|-39.3|-34.9|-42.6|-37.0|-41.0|-39.8|-3.0|-1.9|2.1|19|24|-86.99|-67.84|41|-40|13.2|-50.3|3|10|2.05|0.17|d_kmlgj]YURTO]`f`Z][X^hii0
#SENSEX|^BSESN|S&P BSE SENSEX|493|72382.5|0.7|-2.0|-5.5|-7.5|-1.0|-10.0|-2.4|-5.0|-7.6|-1.0|-1.4|-2.7|30|35|-2.27|-0.88|39|-28|1.1|-16.0|2|00|1.01|0.71|U\jgmijc[f]D=DE:@7FHALHC;0
#NIFTY500|^CRSLDX|NIFTY 500|491|21971.6|0.5|-2.8|-5.4|-6.2|5.0|-4.6|-2.9|-5.1|-4.3|-0.7|-0.5|0.9|28|36|-3.44|-0.89|44|-40|1.2|-9.0|8|00|1.00|0.61|N]ijm`jaQh]>0APFU@X^Sgc\R<
#BANKNIFTY|^NSEBANK|NIFTY BANK|493|54714.1|0.5|-1.6|-4.3|-6.1|6.3|0.6|-2.1|-3.8|-4.2|-0.8|-0.6|-0.4|36|38|-2.73|-1.54|23|-14|1.4|-11.4|10|00|1.06|0.85|8HXXb^]_^jmB2A@0;>VUJRSOH:
#NIFTY|^NSEI|NIFTY 50|494|22555.8|0.6|-2.5|-5.7|-7.7|-0.5|-8.5|-2.8|-5.4|-7.3|-1.0|-1.1|-2.0|28|34|-2.83|-0.78|40|-32|1.1|-14.5|2|00|0.94|0.65|S[jgmhjd\h`F=EH>G:ILDRLF>0
#IT|^CNXIT|NIFTY IT|493|28301.7|-0.0|0.5|-9.0|3.8|-4.6|-16.0|-1.8|-5.9|-9.8|-0.3|-2.7|-4.1|39|32|-1.27|-5.50|20|-5|2.2|-29.8|10|00|1.04|0.91|S[`cgjmjm^?==B9393048GAB85
#PHARMA|^CNXPHARMA|NIFTY PHARMA|492|26117.1|-0.7|-3.3|-2.5|1.0|18.7|18.8|-2.0|-1.7|8.0|0.7|1.6|9.9|40|58|-3.12|1.31|20|-12|1.4|-4.2|23|10|0.90|1.01|088<?<>>38<D=7BJSOV^]hfgmc
#INDIAVIX|^INDIAVIX|INDIA VIX|491|14.775|2.2|21.5|27.5|25.0|-40.9|37.1|19.8|23.7|1.5|-0.6|0.4|-17.9|65|53|22.17|2.55|28|15|9.3|-48.9|67|11|||97;<;707E:D_m]SXGI?<C<868F
#MON100|MON100|Motilal Oswal NASDAQ 100 ETF|500|325.35|1.2|0.5|0.2|0.2|27.9|30.0|-0.8|-0.6|12.7|-0.3|3.4|13.4|49|45|-1.50|-3.07|12|9|3.0|-8.3|53|10|1.50|0.78|;;7788876503;RZeifdg`gemcd
#NIFTYBEES|NIFTYBEES|Nippon India ETF Nifty 50 BeES|499|257.29|0.3|-1.2|-5.8|-5.3|-4.5|-9.1|-2.6|-5.3|-6.6|-0.9|-1.1|-1.5|24|25|-2.68|-1.43|9|-0|1.4|-14.9|2|00|1.19|0.54|YfajlhmbeeOC5PG@>FGIIROD?0
#SILVERBEES|SILVERBEES|Nippon India Silver ETF|499|211.85|1.5|0.6|-4.9|0.8|-5.4|47.5|-2.2|-3.0|-8.5|0.3|2.1|-5.7|44|40|-4.53|-3.64|13|-7|1.8|-41.2|59|00|0.77|1.06|1101<FTm^RaYSYV`_YOMLSVRRN
#CRUDEOIL|CL=F|Crude Oil Nov 26|502|90.22|-1.0|-2.6|-1.2|28.1|-19.7|46.2|-6.0|1.8|9.3|2.0|4.8|7.3|46|49|-13.70|-14.23|21|3|5.3|-24.5|64|11|1.15|1.21|7266402478F`fZmfWV@KPOS\^Y
#SILVER|SI=F|Silver Dec 26|502|61.495|2.5|0.4|-8.2|0.9|-15.4|27.9|-3.5|-3.8|-15.3|1.4|1.0|-11.9|43|39|-7.96|-7.32|17|-13|2.2|-49.3|34|00|1.23|5.42|0005@LRl[Vd_X_TmZHB?AJOLKE
#USDINR|INR=X|USD/INR|516|96.283|0.1|0.5|1.9|0.7|4.1|9.6|0.6|0.9|2.5|-0.1|0.6|1.6|58|53|0.53|0.67|30|-5|0.5|-0.8|12|11|||056:A=@KEFHWSVemhbbmifi`im
